TITLE = "Solution on Domain BulkDomain1D_1"
VARIABLES = "x [m]"  
"Vel_axial(0)" 	"MF_sp(ECDMC)" 	"MF_sp(Li+)" 	"MF_sp(PF6-)" 	"Volt(Electroly)" 	
ZONE T = "t = 4e-08 [s]" I = 10 SOLUTIONTIME = 4.0000000000000E-08
0.0007874 	2.0881e-08 	0.92 	0.04 	0.04 	0.029156 	
0.000841022 	2.0881e-08 	0.92 	0.04 	0.04 	0.0291559 	
0.000894644 	2.0881e-08 	0.92 	0.04 	0.04 	0.0291559 	
0.000948267 	2.0881e-08 	0.92 	0.04 	0.04 	0.0291558 	
0.00100189 	2.0881e-08 	0.92 	0.04 	0.04 	0.0291558 	
0.00105551 	2.0881e-08 	0.92 	0.04 	0.04 	0.0291557 	
0.00110913 	2.0881e-08 	0.92 	0.04 	0.04 	0.0291557 	
0.00116276 	2.0881e-08 	0.92 	0.04 	0.04 	0.0291556 	
0.00121638 	2.0881e-08 	0.92 	0.04 	0.04 	0.0291556 	
0.00127 	1.97216e-08 	0.92 	0.04 	0.04 	0.0291555 	
ZONE T = "t = 5.5e-08 [s]" I = 10 SOLUTIONTIME = 5.5000000000000E-08
0.0007874 	2.08994e-08 	0.92 	0.04 	0.04 	0.0291458 	
0.000841022 	2.08994e-08 	0.92 	0.04 	0.04 	0.0291458 	
0.000894644 	2.08994e-08 	0.92 	0.04 	0.04 	0.0291457 	
0.000948267 	2.08994e-08 	0.92 	0.04 	0.04 	0.0291457 	
0.00100189 	2.08994e-08 	0.92 	0.04 	0.04 	0.0291456 	
0.00105551 	2.08994e-08 	0.92 	0.04 	0.04 	0.0291456 	
0.00110913 	2.08994e-08 	0.92 	0.04 	0.04 	0.0291455 	
0.00116276 	2.08994e-08 	0.92 	0.04 	0.04 	0.0291455 	
0.00121638 	2.08994e-08 	0.92 	0.04 	0.04 	0.0291454 	
0.00127 	1.9739e-08 	0.92 	0.04 	0.04 	0.0291454 	
ZONE T = "t = 7.75e-08 [s]" I = 10 SOLUTIONTIME = 7.7500000000000E-08
0.0007874 	2.08994e-08 	0.92 	0.04 	0.04 	0.0291458 	
0.000841022 	2.08994e-08 	0.92 	0.04 	0.04 	0.0291458 	
0.000894644 	2.08994e-08 	0.92 	0.04 	0.04 	0.0291457 	
0.000948267 	2.08994e-08 	0.92 	0.04 	0.04 	0.0291457 	
0.00100189 	2.08994e-08 	0.92 	0.04 	0.04 	0.0291456 	
0.00105551 	2.08994e-08 	0.92 	0.04 	0.04 	0.0291456 	
0.00110913 	2.08994e-08 	0.92 	0.04 	0.04 	0.0291455 	
0.00116276 	2.08994e-08 	0.92 	0.04 	0.04 	0.0291455 	
0.00121638 	2.08994e-08 	0.92 	0.04 	0.04 	0.0291454 	
0.00127 	1.9739e-08 	0.92 	0.04 	0.04 	0.0291454 	
ZONE T = "t = 1.1125e-07 [s]" I = 10 SOLUTIONTIME = 1.1125000000000E-07
0.0007874 	2.08994e-08 	0.92 	0.04 	0.04 	0.0291458 	
0.000841022 	2.08994e-08 	0.92 	0.04 	0.04 	0.0291458 	
0.000894644 	2.08994e-08 	0.92 	0.04 	0.04 	0.0291457 	
0.000948267 	2.08994e-08 	0.92 	0.04 	0.04 	0.0291457 	
0.00100189 	2.08994e-08 	0.92 	0.04 	0.04 	0.0291456 	
0.00105551 	2.08994e-08 	0.92 	0.04 	0.04 	0.0291456 	
0.00110913 	2.08994e-08 	0.92 	0.04 	0.04 	0.0291455 	
0.00116276 	2.08994e-08 	0.92 	0.04 	0.04 	0.0291455 	
0.00121638 	2.08994e-08 	0.92 	0.04 	0.04 	0.0291454 	
0.00127 	1.9739e-08 	0.92 	0.04 	0.04 	0.0291454 	
ZONE T = "t = 1.61875e-07 [s]" I = 10 SOLUTIONTIME = 1.6187500000000E-07
0.0007874 	2.08994e-08 	0.92 	0.04 	0.04 	0.0291458 	
0.000841022 	2.08994e-08 	0.92 	0.04 	0.04 	0.0291458 	
0.000894644 	2.08994e-08 	0.92 	0.04 	0.04 	0.0291457 	
0.000948267 	2.08994e-08 	0.92 	0.04 	0.04 	0.0291457 	
0.00100189 	2.08994e-08 	0.92 	0.04 	0.04 	0.0291456 	
0.00105551 	2.08994e-08 	0.92 	0.04 	0.04 	0.0291456 	
0.00110913 	2.08994e-08 	0.92 	0.04 	0.04 	0.0291455 	
0.00116276 	2.08994e-08 	0.92 	0.04 	0.04 	0.0291455 	
0.00121638 	2.08994e-08 	0.92 	0.04 	0.04 	0.0291454 	
0.00127 	1.9739e-08 	0.92 	0.04 	0.04 	0.0291454 	
ZONE T = "t = 2.37812e-07 [s]" I = 10 SOLUTIONTIME = 2.3781250000000E-07
0.0007874 	2.08994e-08 	0.92 	0.04 	0.04 	0.0291458 	
0.000841022 	2.08994e-08 	0.92 	0.04 	0.04 	0.0291458 	
0.000894644 	2.08994e-08 	0.92 	0.04 	0.04 	0.0291457 	
0.000948267 	2.08994e-08 	0.92 	0.04 	0.04 	0.0291457 	
0.00100189 	2.08994e-08 	0.92 	0.04 	0.04 	0.0291456 	
0.00105551 	2.08994e-08 	0.92 	0.04 	0.04 	0.0291456 	
0.00110913 	2.08994e-08 	0.92 	0.04 	0.04 	0.0291455 	
0.00116276 	2.08994e-08 	0.92 	0.04 	0.04 	0.0291455 	
0.00121638 	2.08994e-08 	0.92 	0.04 	0.04 	0.0291454 	
0.00127 	1.9739e-08 	0.92 	0.04 	0.04 	0.0291454 	
ZONE T = "t = 3.51719e-07 [s]" I = 10 SOLUTIONTIME = 3.5171875000000E-07
0.0007874 	2.08994e-08 	0.92 	0.04 	0.04 	0.0291458 	
0.000841022 	2.08994e-08 	0.92 	0.04 	0.04 	0.0291458 	
0.000894644 	2.08994e-08 	0.92 	0.04 	0.04 	0.0291457 	
0.000948267 	2.08994e-08 	0.92 	0.04 	0.04 	0.0291457 	
0.00100189 	2.08994e-08 	0.92 	0.04 	0.04 	0.0291456 	
0.00105551 	2.08994e-08 	0.92 	0.04 	0.04 	0.0291456 	
0.00110913 	2.08994e-08 	0.92 	0.04 	0.04 	0.0291455 	
0.00116276 	2.08994e-08 	0.92 	0.04 	0.04 	0.0291455 	
0.00121638 	2.08994e-08 	0.92 	0.04 	0.04 	0.0291454 	
0.00127 	1.9739e-08 	0.92 	0.04 	0.04 	0.0291454 	
ZONE T = "t = 5.22578e-07 [s]" I = 10 SOLUTIONTIME = 5.2257812500000E-07
0.0007874 	2.08994e-08 	0.92 	0.04 	0.04 	0.0291458 	
0.000841022 	2.08994e-08 	0.92 	0.04 	0.04 	0.0291458 	
0.000894644 	2.08994e-08 	0.92 	0.04 	0.04 	0.0291457 	
0.000948267 	2.08994e-08 	0.92 	0.04 	0.04 	0.0291457 	
0.00100189 	2.08994e-08 	0.92 	0.04 	0.04 	0.0291456 	
0.00105551 	2.08994e-08 	0.92 	0.04 	0.04 	0.0291456 	
0.00110913 	2.08994e-08 	0.92 	0.04 	0.04 	0.0291455 	
0.00116276 	2.08994e-08 	0.92 	0.04 	0.04 	0.0291455 	
0.00121638 	2.08994e-08 	0.92 	0.04 	0.04 	0.0291454 	
0.00127 	1.9739e-08 	0.92 	0.04 	0.04 	0.0291454 	
ZONE T = "t = 7.78867e-07 [s]" I = 10 SOLUTIONTIME = 7.7886718750000E-07
0.0007874 	2.08994e-08 	0.92 	0.04 	0.04 	0.0291458 	
0.000841022 	2.08994e-08 	0.92 	0.04 	0.04 	0.0291458 	
0.000894644 	2.08994e-08 	0.92 	0.04 	0.04 	0.0291457 	
0.000948267 	2.08994e-08 	0.92 	0.04 	0.04 	0.0291457 	
0.00100189 	2.08994e-08 	0.92 	0.04 	0.04 	0.0291456 	
0.00105551 	2.08994e-08 	0.92 	0.04 	0.04 	0.0291456 	
0.00110913 	2.08994e-08 	0.92 	0.04 	0.04 	0.0291455 	
0.00116276 	2.08994e-08 	0.92 	0.04 	0.04 	0.0291455 	
0.00121638 	2.08994e-08 	0.92 	0.04 	0.04 	0.0291454 	
0.00127 	1.9739e-08 	0.92 	0.04 	0.04 	0.0291454 	
ZONE T = "t = 1.1633e-06 [s]" I = 10 SOLUTIONTIME = 1.1633007812500E-06
0.0007874 	2.08994e-08 	0.92 	0.04 	0.04 	0.0291458 	
0.000841022 	2.08994e-08 	0.92 	0.04 	0.04 	0.0291458 	
0.000894644 	2.08994e-08 	0.92 	0.04 	0.04 	0.0291457 	
0.000948267 	2.08994e-08 	0.92 	0.04 	0.04 	0.0291457 	
0.00100189 	2.08994e-08 	0.92 	0.04 	0.04 	0.0291456 	
0.00105551 	2.08994e-08 	0.92 	0.04 	0.04 	0.0291456 	
0.00110913 	2.08994e-08 	0.92 	0.04 	0.04 	0.0291455 	
0.00116276 	2.08994e-08 	0.92 	0.04 	0.04 	0.0291455 	
0.00121638 	2.08994e-08 	0.92 	0.04 	0.04 	0.0291454 	
0.00127 	1.9739e-08 	0.92 	0.04 	0.04 	0.0291454 	
ZONE T = "t = 1.73995e-06 [s]" I = 10 SOLUTIONTIME = 1.7399511718750E-06
0.0007874 	2.08994e-08 	0.92 	0.04 	0.04 	0.0291458 	
0.000841022 	2.08994e-08 	0.92 	0.04 	0.04 	0.0291458 	
0.000894644 	2.08994e-08 	0.92 	0.04 	0.04 	0.0291457 	
0.000948267 	2.08994e-08 	0.92 	0.04 	0.04 	0.0291457 	
0.00100189 	2.08994e-08 	0.92 	0.04 	0.04 	0.0291456 	
0.00105551 	2.08994e-08 	0.92 	0.04 	0.04 	0.0291456 	
0.00110913 	2.08994e-08 	0.92 	0.04 	0.04 	0.0291455 	
0.00116276 	2.08994e-08 	0.92 	0.04 	0.04 	0.0291455 	
0.00121638 	2.08994e-08 	0.92 	0.04 	0.04 	0.0291454 	
0.00127 	1.9739e-08 	0.92 	0.04 	0.04 	0.0291454 	
ZONE T = "t = 2.60493e-06 [s]" I = 10 SOLUTIONTIME = 2.6049267578125E-06
0.0007874 	2.08994e-08 	0.92 	0.04 	0.04 	0.0291458 	
0.000841022 	2.08994e-08 	0.92 	0.04 	0.04 	0.0291458 	
0.000894644 	2.08994e-08 	0.92 	0.04 	0.04 	0.0291457 	
0.000948267 	2.08994e-08 	0.92 	0.04 	0.04 	0.0291457 	
0.00100189 	2.08994e-08 	0.92 	0.04 	0.04 	0.0291456 	
0.00105551 	2.08994e-08 	0.92 	0.04 	0.04 	0.0291456 	
0.00110913 	2.08994e-08 	0.92 	0.04 	0.04 	0.0291455 	
0.00116276 	2.08994e-08 	0.92 	0.04 	0.04 	0.0291455 	
0.00121638 	2.08994e-08 	0.92 	0.04 	0.04 	0.0291454 	
0.00127 	1.9739e-08 	0.92 	0.04 	0.04 	0.0291454 	
ZONE T = "t = 3.90239e-06 [s]" I = 10 SOLUTIONTIME = 3.9023901367187E-06
0.0007874 	2.08994e-08 	0.92 	0.04 	0.04 	0.0291458 	
0.000841022 	2.08994e-08 	0.92 	0.04 	0.04 	0.0291458 	
0.000894644 	2.08994e-08 	0.92 	0.04 	0.04 	0.0291457 	
0.000948267 	2.08994e-08 	0.92 	0.04 	0.04 	0.0291457 	
0.00100189 	2.08994e-08 	0.92 	0.04 	0.04 	0.0291456 	
0.00105551 	2.08994e-08 	0.92 	0.04 	0.04 	0.0291456 	
0.00110913 	2.08994e-08 	0.92 	0.04 	0.04 	0.0291455 	
0.00116276 	2.08994e-08 	0.92 	0.04 	0.04 	0.0291455 	
0.00121638 	2.08994e-08 	0.92 	0.04 	0.04 	0.0291454 	
0.00127 	1.9739e-08 	0.92 	0.04 	0.04 	0.0291454 	
ZONE T = "t = 5.84859e-06 [s]" I = 10 SOLUTIONTIME = 5.8485852050781E-06
0.0007874 	2.08994e-08 	0.92 	0.04 	0.04 	0.0291458 	
0.000841022 	2.08994e-08 	0.92 	0.04 	0.04 	0.0291458 	
0.000894644 	2.08994e-08 	0.92 	0.04 	0.04 	0.0291457 	
0.000948267 	2.08994e-08 	0.92 	0.04 	0.04 	0.0291457 	
0.00100189 	2.08994e-08 	0.92 	0.04 	0.04 	0.0291456 	
0.00105551 	2.08994e-08 	0.92 	0.04 	0.04 	0.0291456 	
0.00110913 	2.08994e-08 	0.92 	0.04 	0.04 	0.0291455 	
0.00116276 	2.08994e-08 	0.92 	0.04 	0.04 	0.0291455 	
0.00121638 	2.08994e-08 	0.92 	0.04 	0.04 	0.0291454 	
0.00127 	1.9739e-08 	0.92 	0.04 	0.04 	0.0291454 	
ZONE T = "t = 8.76788e-06 [s]" I = 10 SOLUTIONTIME = 8.7678778076172E-06
0.0007874 	2.08994e-08 	0.92 	0.04 	0.04 	0.0291458 	
0.000841022 	2.08994e-08 	0.92 	0.04 	0.04 	0.0291458 	
0.000894644 	2.08994e-08 	0.92 	0.04 	0.04 	0.0291457 	
0.000948267 	2.08994e-08 	0.92 	0.04 	0.04 	0.0291457 	
0.00100189 	2.08994e-08 	0.92 	0.04 	0.04 	0.0291456 	
0.00105551 	2.08994e-08 	0.92 	0.04 	0.04 	0.0291456 	
0.00110913 	2.08994e-08 	0.92 	0.04 	0.04 	0.0291455 	
0.00116276 	2.08994e-08 	0.92 	0.04 	0.04 	0.0291455 	
0.00121638 	2.08994e-08 	0.92 	0.04 	0.04 	0.0291454 	
0.00127 	1.9739e-08 	0.92 	0.04 	0.04 	0.0291454 	
ZONE T = "t = 1.31468e-05 [s]" I = 10 SOLUTIONTIME = 1.3146816711426E-05
0.0007874 	2.08994e-08 	0.92 	0.04 	0.04 	0.0291458 	
0.000841022 	2.08994e-08 	0.92 	0.04 	0.04 	0.0291458 	
0.000894644 	2.08994e-08 	0.92 	0.04 	0.04 	0.0291457 	
0.000948267 	2.08994e-08 	0.92 	0.04 	0.04 	0.0291457 	
0.00100189 	2.08994e-08 	0.92 	0.04 	0.04 	0.0291456 	
0.00105551 	2.08994e-08 	0.92 	0.04 	0.04 	0.0291456 	
0.00110913 	2.08994e-08 	0.92 	0.04 	0.04 	0.0291455 	
0.00116276 	2.08994e-08 	0.92 	0.04 	0.04 	0.0291455 	
0.00121638 	2.08994e-08 	0.92 	0.04 	0.04 	0.0291454 	
0.00127 	1.9739e-08 	0.92 	0.04 	0.04 	0.0291454 	
ZONE T = "t = 1.97152e-05 [s]" I = 10 SOLUTIONTIME = 1.9715225067139E-05
0.0007874 	2.08994e-08 	0.92 	0.04 	0.04 	0.0291458 	
0.000841022 	2.08994e-08 	0.92 	0.04 	0.04 	0.0291458 	
0.000894644 	2.08994e-08 	0.92 	0.04 	0.04 	0.0291457 	
0.000948267 	2.08994e-08 	0.92 	0.04 	0.04 	0.0291457 	
0.00100189 	2.08994e-08 	0.92 	0.04 	0.04 	0.0291456 	
0.00105551 	2.08994e-08 	0.92 	0.04 	0.04 	0.0291456 	
0.00110913 	2.08994e-08 	0.92 	0.04 	0.04 	0.0291455 	
0.00116276 	2.08994e-08 	0.92 	0.04 	0.04 	0.0291455 	
0.00121638 	2.08994e-08 	0.92 	0.04 	0.04 	0.0291454 	
0.00127 	1.9739e-08 	0.92 	0.04 	0.04 	0.0291454 	
ZONE T = "t = 2.95678e-05 [s]" I = 10 SOLUTIONTIME = 2.9567837600708E-05
0.0007874 	2.08994e-08 	0.92 	0.04 	0.04 	0.0291458 	
0.000841022 	2.08994e-08 	0.92 	0.04 	0.04 	0.0291458 	
0.000894644 	2.08994e-08 	0.92 	0.04 	0.04 	0.0291457 	
0.000948267 	2.08994e-08 	0.92 	0.04 	0.04 	0.0291457 	
0.00100189 	2.08994e-08 	0.92 	0.04 	0.04 	0.0291456 	
0.00105551 	2.08994e-08 	0.92 	0.04 	0.04 	0.0291456 	
0.00110913 	2.08994e-08 	0.92 	0.04 	0.04 	0.0291455 	
0.00116276 	2.08994e-08 	0.92 	0.04 	0.04 	0.0291455 	
0.00121638 	2.08994e-08 	0.92 	0.04 	0.04 	0.0291454 	
0.00127 	1.9739e-08 	0.92 	0.04 	0.04 	0.0291454 	
ZONE T = "t = 4.43468e-05 [s]" I = 10 SOLUTIONTIME = 4.4346756401062E-05
0.0007874 	2.08994e-08 	0.92 	0.04 	0.04 	0.0291458 	
0.000841022 	2.08994e-08 	0.92 	0.04 	0.04 	0.0291458 	
0.000894644 	2.08994e-08 	0.92 	0.04 	0.04 	0.0291457 	
0.000948267 	2.08994e-08 	0.92 	0.04 	0.04 	0.0291457 	
0.00100189 	2.08994e-08 	0.92 	0.04 	0.04 	0.0291456 	
0.00105551 	2.08994e-08 	0.92 	0.04 	0.04 	0.0291456 	
0.00110913 	2.08994e-08 	0.92 	0.04 	0.04 	0.0291455 	
0.00116276 	2.08994e-08 	0.92 	0.04 	0.04 	0.0291455 	
0.00121638 	2.08994e-08 	0.92 	0.04 	0.04 	0.0291454 	
0.00127 	1.9739e-08 	0.92 	0.04 	0.04 	0.0291454 	
ZONE T = "t = 6.65151e-05 [s]" I = 10 SOLUTIONTIME = 6.6515134601593E-05
0.0007874 	2.08994e-08 	0.92 	0.04 	0.04 	0.0291458 	
0.000841022 	2.08994e-08 	0.92 	0.04 	0.04 	0.0291458 	
0.000894644 	2.08994e-08 	0.92 	0.04 	0.04 	0.0291457 	
0.000948267 	2.08994e-08 	0.92 	0.04 	0.04 	0.0291457 	
0.00100189 	2.08994e-08 	0.92 	0.04 	0.04 	0.0291456 	
0.00105551 	2.08994e-08 	0.92 	0.04 	0.04 	0.0291456 	
0.00110913 	2.08994e-08 	0.92 	0.04 	0.04 	0.0291455 	
0.00116276 	2.08994e-08 	0.92 	0.04 	0.04 	0.0291455 	
0.00121638 	2.08994e-08 	0.92 	0.04 	0.04 	0.0291454 	
0.00127 	1.9739e-08 	0.92 	0.04 	0.04 	0.0291454 	
ZONE T = "t = 9.97677e-05 [s]" I = 10 SOLUTIONTIME = 9.9767701902390E-05
0.0007874 	2.08993e-08 	0.92 	0.04 	0.04 	0.0291458 	
0.000841022 	2.08993e-08 	0.92 	0.04 	0.04 	0.0291458 	
0.000894644 	2.08993e-08 	0.92 	0.04 	0.04 	0.0291457 	
0.000948267 	2.08993e-08 	0.92 	0.04 	0.04 	0.0291457 	
0.00100189 	2.08993e-08 	0.92 	0.04 	0.04 	0.0291456 	
0.00105551 	2.08993e-08 	0.92 	0.04 	0.04 	0.0291456 	
0.00110913 	2.08993e-08 	0.92 	0.04 	0.04 	0.0291455 	
0.00116276 	2.08993e-08 	0.92 	0.04 	0.04 	0.0291455 	
0.00121638 	2.08993e-08 	0.92 	0.04 	0.04 	0.0291454 	
0.00127 	1.9739e-08 	0.92 	0.04 	0.04 	0.0291454 	
ZONE T = "t = 0.000149647 [s]" I = 10 SOLUTIONTIME = 1.4964655285358E-04
0.0007874 	2.08993e-08 	0.92 	0.04 	0.04 	0.0291458 	
0.000841022 	2.08993e-08 	0.92 	0.04 	0.04 	0.0291458 	
0.000894644 	2.08993e-08 	0.92 	0.04 	0.04 	0.0291457 	
0.000948267 	2.08993e-08 	0.92 	0.04 	0.04 	0.0291457 	
0.00100189 	2.08993e-08 	0.92 	0.04 	0.04 	0.0291456 	
0.00105551 	2.08993e-08 	0.92 	0.04 	0.04 	0.0291456 	
0.00110913 	2.08993e-08 	0.92 	0.04 	0.04 	0.0291455 	
0.00116276 	2.08993e-08 	0.92 	0.04 	0.04 	0.0291455 	
0.00121638 	2.08993e-08 	0.92 	0.04 	0.04 	0.0291454 	
0.00127 	1.9739e-08 	0.92 	0.04 	0.04 	0.0291454 	
ZONE T = "t = 0.000224465 [s]" I = 10 SOLUTIONTIME = 2.2446482928038E-04
0.0007874 	2.08993e-08 	0.92 	0.04 	0.04 	0.0291458 	
0.000841022 	2.08993e-08 	0.92 	0.04 	0.04 	0.0291458 	
0.000894644 	2.08993e-08 	0.92 	0.04 	0.04 	0.0291457 	
0.000948267 	2.08993e-08 	0.92 	0.04 	0.04 	0.0291457 	
0.00100189 	2.08993e-08 	0.92 	0.04 	0.04 	0.0291456 	
0.00105551 	2.08993e-08 	0.92 	0.04 	0.04 	0.0291456 	
0.00110913 	2.08993e-08 	0.92 	0.04 	0.04 	0.0291455 	
0.00116276 	2.08993e-08 	0.92 	0.04 	0.04 	0.0291455 	
0.00121638 	2.08993e-08 	0.92 	0.04 	0.04 	0.0291454 	
0.00127 	1.9739e-08 	0.92 	0.04 	0.04 	0.0291454 	
ZONE T = "t = 0.000336692 [s]" I = 10 SOLUTIONTIME = 3.3669224392056E-04
0.0007874 	2.08993e-08 	0.92 	0.04 	0.04 	0.0291458 	
0.000841022 	2.08993e-08 	0.92 	0.04 	0.04 	0.0291458 	
0.000894644 	2.08993e-08 	0.92 	0.04 	0.04 	0.0291457 	
0.000948267 	2.08993e-08 	0.92 	0.04 	0.04 	0.0291457 	
0.00100189 	2.08993e-08 	0.92 	0.04 	0.04 	0.0291456 	
0.00105551 	2.08993e-08 	0.92 	0.04 	0.04 	0.0291456 	
0.00110913 	2.08993e-08 	0.92 	0.04 	0.04 	0.0291455 	
0.00116276 	2.08993e-08 	0.92 	0.04 	0.04 	0.0291455 	
0.00121638 	2.08993e-08 	0.92 	0.04 	0.04 	0.0291454 	
0.00127 	1.97389e-08 	0.92 	0.04 	0.04 	0.0291454 	
ZONE T = "t = 0.000505033 [s]" I = 10 SOLUTIONTIME = 5.0503336588085E-04
0.0007874 	2.08993e-08 	0.92 	0.04 	0.04 	0.0291458 	
0.000841022 	2.08993e-08 	0.92 	0.04 	0.04 	0.0291458 	
0.000894644 	2.08993e-08 	0.92 	0.04 	0.04 	0.0291457 	
0.000948267 	2.08993e-08 	0.92 	0.04 	0.04 	0.0291457 	
0.00100189 	2.08993e-08 	0.92 	0.04 	0.04 	0.0291456 	
0.00105551 	2.08993e-08 	0.92 	0.04 	0.04 	0.0291456 	
0.00110913 	2.08993e-08 	0.92 	0.04 	0.04 	0.0291455 	
0.00116276 	2.08993e-08 	0.92 	0.04 	0.04 	0.0291455 	
0.00121638 	2.08993e-08 	0.92 	0.04 	0.04 	0.0291454 	
0.00127 	1.97389e-08 	0.92 	0.04 	0.04 	0.0291454 	
ZONE T = "t = 0.000757545 [s]" I = 10 SOLUTIONTIME = 7.5754504882127E-04
0.0007874 	2.08993e-08 	0.92 	0.04 	0.04 	0.0291458 	
0.000841022 	2.08993e-08 	0.92 	0.04 	0.04 	0.0291458 	
0.000894644 	2.08993e-08 	0.92 	0.04 	0.04 	0.0291457 	
0.000948267 	2.08993e-08 	0.92 	0.04 	0.04 	0.0291457 	
0.00100189 	2.08993e-08 	0.92 	0.04 	0.04 	0.0291456 	
0.00105551 	2.08993e-08 	0.92 	0.04 	0.04 	0.0291456 	
0.00110913 	2.08993e-08 	0.92 	0.04 	0.04 	0.0291455 	
0.00116276 	2.08993e-08 	0.92 	0.04 	0.04 	0.0291455 	
0.00121638 	2.08993e-08 	0.92 	0.04 	0.04 	0.0291454 	
0.00127 	1.97389e-08 	0.92 	0.04 	0.04 	0.0291454 	
ZONE T = "t = 0.00113631 [s]" I = 10 SOLUTIONTIME = 1.1363125732319E-03
0.0007874 	2.08993e-08 	0.92 	0.04 	0.04 	0.0291458 	
0.000841022 	2.08993e-08 	0.92 	0.04 	0.04 	0.0291458 	
0.000894644 	2.08993e-08 	0.92 	0.04 	0.04 	0.0291457 	
0.000948267 	2.08993e-08 	0.92 	0.04 	0.04 	0.0291457 	
0.00100189 	2.08993e-08 	0.92 	0.04 	0.04 	0.0291456 	
0.00105551 	2.08993e-08 	0.92 	0.04 	0.04 	0.0291456 	
0.00110913 	2.08993e-08 	0.92 	0.04 	0.04 	0.0291455 	
0.00116276 	2.08993e-08 	0.92 	0.04 	0.04 	0.0291455 	
0.00121638 	2.08993e-08 	0.92 	0.04 	0.04 	0.0291454 	
0.00127 	1.97389e-08 	0.92 	0.04 	0.04 	0.0291454 	
ZONE T = "t = 0.00170446 [s]" I = 10 SOLUTIONTIME = 1.7044638598479E-03
0.0007874 	2.08993e-08 	0.92 	0.04 	0.04 	0.0291458 	
0.000841022 	2.08993e-08 	0.92 	0.04 	0.04 	0.0291458 	
0.000894644 	2.08993e-08 	0.92 	0.04 	0.04 	0.0291457 	
0.000948267 	2.08993e-08 	0.92 	0.04 	0.04 	0.0291457 	
0.00100189 	2.08993e-08 	0.92 	0.04 	0.04 	0.0291456 	
0.00105551 	2.08993e-08 	0.92 	0.04 	0.04 	0.0291456 	
0.00110913 	2.08993e-08 	0.92 	0.04 	0.04 	0.0291455 	
0.00116276 	2.08993e-08 	0.92 	0.04 	0.04 	0.0291455 	
0.00121638 	2.08993e-08 	0.92 	0.04 	0.04 	0.0291454 	
0.00127 	1.97389e-08 	0.92 	0.04 	0.04 	0.0291454 	
ZONE T = "t = 0.00255669 [s]" I = 10 SOLUTIONTIME = 2.5566907897718E-03
0.0007874 	2.08993e-08 	0.92 	0.04 	0.04 	0.0291458 	
0.000841022 	2.08993e-08 	0.92 	0.04 	0.04 	0.0291458 	
0.000894644 	2.08993e-08 	0.92 	0.04 	0.04 	0.0291457 	
0.000948267 	2.08993e-08 	0.92 	0.04 	0.04 	0.0291457 	
0.00100189 	2.08993e-08 	0.92 	0.04 	0.04 	0.0291456 	
0.00105551 	2.08993e-08 	0.92 	0.04 	0.04 	0.0291456 	
0.00110913 	2.08993e-08 	0.92 	0.04 	0.04 	0.0291455 	
0.00116276 	2.08993e-08 	0.92 	0.04 	0.04 	0.0291455 	
0.00121638 	2.08993e-08 	0.92 	0.04 	0.04 	0.0291454 	
0.00127 	1.97389e-08 	0.92 	0.04 	0.04 	0.0291454 	
ZONE T = "t = 0.00383503 [s]" I = 10 SOLUTIONTIME = 3.8350311846577E-03
0.0007874 	2.08993e-08 	0.92 	0.04 	0.04 	0.0291458 	
0.000841022 	2.08993e-08 	0.92 	0.04 	0.04 	0.0291458 	
0.000894644 	2.08993e-08 	0.92 	0.04 	0.04 	0.0291457 	
0.000948267 	2.08993e-08 	0.92 	0.04 	0.04 	0.0291457 	
0.00100189 	2.08993e-08 	0.92 	0.04 	0.04 	0.0291456 	
0.00105551 	2.08993e-08 	0.92 	0.04 	0.04 	0.0291456 	
0.00110913 	2.08993e-08 	0.92 	0.04 	0.04 	0.0291455 	
0.00116276 	2.08993e-08 	0.92 	0.04 	0.04 	0.0291455 	
0.00121638 	2.08993e-08 	0.92 	0.04 	0.04 	0.0291454 	
0.00127 	1.97389e-08 	0.92 	0.04 	0.04 	0.0291454 	
ZONE T = "t = 0.00575254 [s]" I = 10 SOLUTIONTIME = 5.7525417769865E-03
0.0007874 	2.08992e-08 	0.92 	0.04 	0.04 	0.0291458 	
0.000841022 	2.08992e-08 	0.92 	0.04 	0.04 	0.0291457 	
0.000894644 	2.08992e-08 	0.92 	0.04 	0.04 	0.0291457 	
0.000948267 	2.08992e-08 	0.92 	0.04 	0.04 	0.0291456 	
0.00100189 	2.08992e-08 	0.92 	0.04 	0.04 	0.0291456 	
0.00105551 	2.08992e-08 	0.92 	0.04 	0.04 	0.0291455 	
0.00110913 	2.08992e-08 	0.92 	0.04 	0.04 	0.0291455 	
0.00116276 	2.08992e-08 	0.92 	0.04 	0.04 	0.0291454 	
0.00121638 	2.08992e-08 	0.92 	0.04 	0.04 	0.0291454 	
0.00127 	1.97388e-08 	0.92 	0.0399999 	0.0399999 	0.0291453 	
ZONE T = "t = 0.00862881 [s]" I = 10 SOLUTIONTIME = 8.6288076654798E-03
0.0007874 	2.08992e-08 	0.92 	0.0400001 	0.0400001 	0.0291458 	
0.000841022 	2.08992e-08 	0.92 	0.04 	0.04 	0.0291457 	
0.000894644 	2.08992e-08 	0.92 	0.04 	0.04 	0.0291457 	
0.000948267 	2.08992e-08 	0.92 	0.04 	0.04 	0.0291456 	
0.00100189 	2.08992e-08 	0.92 	0.04 	0.04 	0.0291456 	
0.00105551 	2.08992e-08 	0.92 	0.04 	0.04 	0.0291455 	
0.00110913 	2.08992e-08 	0.92 	0.04 	0.04 	0.0291455 	
0.00116276 	2.08992e-08 	0.92 	0.04 	0.04 	0.0291454 	
0.00121638 	2.08992e-08 	0.92 	0.0399999 	0.0399999 	0.0291454 	
0.00127 	1.97388e-08 	0.92 	0.0399999 	0.0399999 	0.0291453 	
ZONE T = "t = 0.0129432 [s]" I = 10 SOLUTIONTIME = 1.2943206498220E-02
0.0007874 	2.08991e-08 	0.92 	0.0400001 	0.0400001 	0.0291458 	
0.000841022 	2.08991e-08 	0.92 	0.0400001 	0.0400001 	0.0291457 	
0.000894644 	2.08991e-08 	0.92 	0.04 	0.04 	0.0291457 	
0.000948267 	2.08991e-08 	0.92 	0.04 	0.04 	0.0291456 	
0.00100189 	2.08991e-08 	0.92 	0.04 	0.04 	0.0291456 	
0.00105551 	2.08991e-08 	0.92 	0.04 	0.04 	0.0291455 	
0.00110913 	2.08991e-08 	0.92 	0.04 	0.04 	0.0291455 	
0.00116276 	2.08991e-08 	0.92 	0.0399999 	0.0399999 	0.0291454 	
0.00121638 	2.08991e-08 	0.92 	0.0399999 	0.0399999 	0.0291454 	
0.00127 	1.97387e-08 	0.92 	0.0399999 	0.0399999 	0.0291453 	
ZONE T = "t = 0.0194148 [s]" I = 10 SOLUTIONTIME = 1.9414804747330E-02
0.0007874 	2.0899e-08 	0.92 	0.0400001 	0.0400001 	0.0291457 	
0.000841022 	2.0899e-08 	0.92 	0.0400001 	0.0400001 	0.0291457 	
0.000894644 	2.0899e-08 	0.92 	0.04 	0.04 	0.0291456 	
0.000948267 	2.0899e-08 	0.92 	0.04 	0.04 	0.0291456 	
0.00100189 	2.0899e-08 	0.92 	0.04 	0.04 	0.0291455 	
0.00105551 	2.0899e-08 	0.92 	0.04 	0.04 	0.0291455 	
0.00110913 	2.0899e-08 	0.92 	0.0399999 	0.0399999 	0.0291454 	
0.00116276 	2.0899e-08 	0.92 	0.0399999 	0.0399999 	0.0291454 	
0.00121638 	2.0899e-08 	0.92 	0.0399999 	0.0399999 	0.0291453 	
0.00127 	1.97386e-08 	0.92 	0.0399998 	0.0399998 	0.0291453 	
ZONE T = "t = 0.0291222 [s]" I = 10 SOLUTIONTIME = 2.9122202120994E-02
0.0007874 	2.08989e-08 	0.92 	0.0400001 	0.0400001 	0.0291457 	
0.000841022 	2.08989e-08 	0.92 	0.0400001 	0.0400001 	0.0291456 	
0.000894644 	2.08989e-08 	0.92 	0.04 	0.04 	0.0291456 	
0.000948267 	2.08989e-08 	0.92 	0.04 	0.04 	0.0291455 	
0.00100189 	2.08989e-08 	0.92 	0.04 	0.04 	0.0291455 	
0.00105551 	2.08989e-08 	0.92 	0.0399999 	0.0399999 	0.0291454 	
0.00110913 	2.08989e-08 	0.92 	0.0399999 	0.0399999 	0.0291454 	
0.00116276 	2.08989e-08 	0.92 	0.0399999 	0.0399999 	0.0291453 	
0.00121638 	2.08989e-08 	0.92 	0.0399998 	0.0399998 	0.0291453 	
0.00127 	1.97385e-08 	0.92 	0.0399998 	0.0399998 	0.0291452 	
ZONE T = "t = 0.0436833 [s]" I = 10 SOLUTIONTIME = 4.3683298181491E-02
0.0007874 	2.08987e-08 	0.92 	0.0400001 	0.0400001 	0.0291456 	
0.000841022 	2.08987e-08 	0.92 	0.0400001 	0.0400001 	0.0291455 	
0.000894644 	2.08987e-08 	0.92 	0.04 	0.04 	0.0291455 	
0.000948267 	2.08987e-08 	0.92 	0.04 	0.04 	0.0291454 	
0.00100189 	2.08987e-08 	0.92 	0.0399999 	0.0399999 	0.0291454 	
0.00105551 	2.08987e-08 	0.92 	0.0399999 	0.0399999 	0.0291453 	
0.00110913 	2.08987e-08 	0.92 	0.0399999 	0.0399999 	0.0291453 	
0.00116276 	2.08987e-08 	0.92 	0.0399998 	0.0399998 	0.0291452 	
0.00121638 	2.08987e-08 	0.92 	0.0399998 	0.0399998 	0.0291452 	
0.00127 	1.97383e-08 	0.920001 	0.0399997 	0.0399997 	0.0291451 	
ZONE T = "t = 0.0655249 [s]" I = 10 SOLUTIONTIME = 6.5524942272237E-02
0.0007874 	2.08985e-08 	0.92 	0.0400001 	0.0400001 	0.0291455 	
0.000841022 	2.08985e-08 	0.92 	0.0400001 	0.0400001 	0.0291454 	
0.000894644 	2.08985e-08 	0.92 	0.04 	0.04 	0.0291454 	
0.000948267 	2.08985e-08 	0.92 	0.04 	0.04 	0.0291453 	
0.00100189 	2.08985e-08 	0.92 	0.0399999 	0.0399999 	0.0291453 	
0.00105551 	2.08985e-08 	0.92 	0.0399999 	0.0399999 	0.0291452 	
0.00110913 	2.08985e-08 	0.92 	0.0399998 	0.0399998 	0.0291452 	
0.00116276 	2.08985e-08 	0.92 	0.0399998 	0.0399998 	0.0291451 	
0.00121638 	2.08985e-08 	0.920001 	0.0399997 	0.0399997 	0.0291451 	
0.00127 	1.97381e-08 	0.920001 	0.0399996 	0.0399996 	0.029145 	
ZONE T = "t = 0.0982874 [s]" I = 10 SOLUTIONTIME = 9.8287408408356E-02
0.0007874 	2.08982e-08 	0.92 	0.0400001 	0.0400001 	0.0291453 	
0.000841022 	2.08982e-08 	0.92 	0.0400001 	0.0400001 	0.0291453 	
0.000894644 	2.08982e-08 	0.92 	0.04 	0.04 	0.0291452 	
0.000948267 	2.08982e-08 	0.92 	0.04 	0.04 	0.0291452 	
0.00100189 	2.08982e-08 	0.92 	0.0399999 	0.0399999 	0.0291451 	
0.00105551 	2.08982e-08 	0.92 	0.0399998 	0.0399998 	0.0291451 	
0.00110913 	2.08982e-08 	0.92 	0.0399998 	0.0399998 	0.029145 	
0.00116276 	2.08982e-08 	0.920001 	0.0399997 	0.0399997 	0.029145 	
0.00121638 	2.08982e-08 	0.920001 	0.0399996 	0.0399996 	0.0291449 	
0.00127 	1.97379e-08 	0.920001 	0.0399996 	0.0399996 	0.0291449 	
ZONE T = "t = 0.147431 [s]" I = 10 SOLUTIONTIME = 1.4743110761253E-01
0.0007874 	2.08979e-08 	0.92 	0.0400001 	0.0400001 	0.0291451 	
0.000841022 	2.08979e-08 	0.92 	0.0400001 	0.0400001 	0.0291451 	
0.000894644 	2.08979e-08 	0.92 	0.04 	0.04 	0.029145 	
0.000948267 	2.08979e-08 	0.92 	0.0399999 	0.0399999 	0.029145 	
0.00100189 	2.08979e-08 	0.92 	0.0399999 	0.0399999 	0.0291449 	
0.00105551 	2.08979e-08 	0.92 	0.0399998 	0.0399998 	0.0291449 	
0.00110913 	2.08979e-08 	0.920001 	0.0399997 	0.0399997 	0.0291448 	
0.00116276 	2.08979e-08 	0.920001 	0.0399997 	0.0399997 	0.0291448 	
0.00121638 	2.08979e-08 	0.920001 	0.0399996 	0.0399996 	0.0291447 	
0.00127 	1.97376e-08 	0.920001 	0.0399995 	0.0399995 	0.0291447 	
ZONE T = "t = 0.221147 [s]" I = 10 SOLUTIONTIME = 2.2114665641880E-01
0.0007874 	2.08975e-08 	0.92 	0.0400001 	0.0400001 	0.0291449 	
0.000841022 	2.08975e-08 	0.92 	0.0400001 	0.0400001 	0.0291448 	
0.000894644 	2.08975e-08 	0.92 	0.04 	0.04 	0.0291448 	
0.000948267 	2.08975e-08 	0.92 	0.0399999 	0.0399999 	0.0291447 	
0.00100189 	2.08975e-08 	0.92 	0.0399999 	0.0399999 	0.0291447 	
0.00105551 	2.08975e-08 	0.92 	0.0399998 	0.0399998 	0.0291446 	
0.00110913 	2.08975e-08 	0.920001 	0.0399997 	0.0399997 	0.0291446 	
0.00116276 	2.08975e-08 	0.920001 	0.0399997 	0.0399997 	0.0291445 	
0.00121638 	2.08975e-08 	0.920001 	0.0399996 	0.0399996 	0.0291445 	
0.00127 	1.97372e-08 	0.920001 	0.0399995 	0.0399995 	0.0291444 	
ZONE T = "t = 0.33172 [s]" I = 10 SOLUTIONTIME = 3.3171997962820E-01
0.0007874 	2.08969e-08 	0.92 	0.0400001 	0.0400001 	0.0291445 	
0.000841022 	2.08969e-08 	0.92 	0.0400001 	0.0400001 	0.0291444 	
0.000894644 	2.08969e-08 	0.92 	0.04 	0.04 	0.0291444 	
0.000948267 	2.08969e-08 	0.92 	0.0399999 	0.0399999 	0.0291443 	
0.00100189 	2.08969e-08 	0.92 	0.0399999 	0.0399999 	0.0291443 	
0.00105551 	2.08969e-08 	0.92 	0.0399998 	0.0399998 	0.0291442 	
0.00110913 	2.08969e-08 	0.920001 	0.0399997 	0.0399997 	0.0291442 	
0.00116276 	2.08969e-08 	0.920001 	0.0399997 	0.0399997 	0.0291441 	
0.00121638 	2.08969e-08 	0.920001 	0.0399996 	0.0399996 	0.0291441 	
0.00127 	1.97366e-08 	0.920001 	0.0399995 	0.0399995 	0.029144 	
ZONE T = "t = 0.49758 [s]" I = 10 SOLUTIONTIME = 4.9757996444230E-01
0.0007874 	2.08961e-08 	0.92 	0.0400001 	0.0400001 	0.0291439 	
0.000841022 	2.08961e-08 	0.92 	0.0400001 	0.0400001 	0.0291439 	
0.000894644 	2.08961e-08 	0.92 	0.04 	0.04 	0.0291438 	
0.000948267 	2.08961e-08 	0.92 	0.0399999 	0.0399999 	0.0291438 	
0.00100189 	2.08961e-08 	0.92 	0.0399999 	0.0399999 	0.0291437 	
0.00105551 	2.08961e-08 	0.92 	0.0399998 	0.0399998 	0.0291437 	
0.00110913 	2.08961e-08 	0.920001 	0.0399997 	0.0399997 	0.0291436 	
0.00116276 	2.08961e-08 	0.920001 	0.0399996 	0.0399996 	0.0291436 	
0.00121638 	2.08961e-08 	0.920001 	0.0399996 	0.0399996 	0.0291435 	
0.00127 	1.97358e-08 	0.920001 	0.0399995 	0.0399995 	0.0291435 	
ZONE T = "t = 0.74637 [s]" I = 10 SOLUTIONTIME = 7.4636994166345E-01
0.0007874 	2.08948e-08 	0.92 	0.0400001 	0.0400001 	0.029143 	
0.000841022 	2.08948e-08 	0.92 	0.0400001 	0.0400001 	0.029143 	
0.000894644 	2.08948e-08 	0.92 	0.04 	0.04 	0.0291429 	
0.000948267 	2.08948e-08 	0.92 	0.0399999 	0.0399999 	0.0291429 	
0.00100189 	2.08948e-08 	0.92 	0.0399999 	0.0399999 	0.0291429 	
0.00105551 	2.08948e-08 	0.92 	0.0399998 	0.0399998 	0.0291428 	
0.00110913 	2.08948e-08 	0.920001 	0.0399997 	0.0399997 	0.0291428 	
0.00116276 	2.08948e-08 	0.920001 	0.0399996 	0.0399996 	0.0291427 	
0.00121638 	2.08948e-08 	0.920001 	0.0399996 	0.0399996 	0.0291427 	
0.00127 	1.97346e-08 	0.920001 	0.0399995 	0.0399995 	0.0291426 	
ZONE T = "t = 1.11955 [s]" I = 10 SOLUTIONTIME = 1.1195549074952E+00
0.0007874 	2.0893e-08 	0.92 	0.0400001 	0.0400001 	0.0291418 	
0.000841022 	2.0893e-08 	0.92 	0.0400001 	0.0400001 	0.0291417 	
0.000894644 	2.0893e-08 	0.92 	0.04 	0.04 	0.0291417 	
0.000948267 	2.0893e-08 	0.92 	0.0399999 	0.0399999 	0.0291416 	
0.00100189 	2.0893e-08 	0.92 	0.0399999 	0.0399999 	0.0291416 	
0.00105551 	2.0893e-08 	0.92 	0.0399998 	0.0399998 	0.0291415 	
0.00110913 	2.0893e-08 	0.920001 	0.0399997 	0.0399997 	0.0291415 	
0.00116276 	2.0893e-08 	0.920001 	0.0399996 	0.0399996 	0.0291414 	
0.00121638 	2.0893e-08 	0.920001 	0.0399996 	0.0399996 	0.0291414 	
0.00127 	1.97329e-08 	0.920001 	0.0399995 	0.0399995 	0.0291413 	
ZONE T = "t = 1.67933 [s]" I = 10 SOLUTIONTIME = 1.6793323562428E+00
0.0007874 	2.08902e-08 	0.92 	0.0400001 	0.0400001 	0.0291398 	
0.000841022 	2.08902e-08 	0.92 	0.0400001 	0.0400001 	0.0291398 	
0.000894644 	2.08902e-08 	0.92 	0.04 	0.04 	0.0291397 	
0.000948267 	2.08902e-08 	0.92 	0.0399999 	0.0399999 	0.0291397 	
0.00100189 	2.08902e-08 	0.92 	0.0399999 	0.0399999 	0.0291396 	
0.00105551 	2.08902e-08 	0.92 	0.0399998 	0.0399998 	0.0291396 	
0.00110913 	2.08902e-08 	0.920001 	0.0399997 	0.0399997 	0.0291395 	
0.00116276 	2.08902e-08 	0.920001 	0.0399996 	0.0399996 	0.0291395 	
0.00121638 	2.08902e-08 	0.920001 	0.0399996 	0.0399996 	0.0291394 	
0.00127 	1.97303e-08 	0.920001 	0.0399995 	0.0399995 	0.0291394 	
ZONE T = "t = 2.519 [s]" I = 10 SOLUTIONTIME = 2.5189985293641E+00
0.0007874 	2.0886e-08 	0.92 	0.0400001 	0.0400001 	0.029137 	
0.000841022 	2.0886e-08 	0.92 	0.0400001 	0.0400001 	0.0291369 	
0.000894644 	2.0886e-08 	0.92 	0.04 	0.04 	0.0291369 	
0.000948267 	2.0886e-08 	0.92 	0.0399999 	0.0399999 	0.0291368 	
0.00100189 	2.0886e-08 	0.92 	0.0399999 	0.0399999 	0.0291368 	
0.00105551 	2.0886e-08 	0.92 	0.0399998 	0.0399998 	0.0291367 	
0.00110913 	2.0886e-08 	0.920001 	0.0399997 	0.0399997 	0.0291367 	
0.00116276 	2.0886e-08 	0.920001 	0.0399996 	0.0399996 	0.0291366 	
0.00121638 	2.0886e-08 	0.920001 	0.0399996 	0.0399996 	0.0291366 	
0.00127 	1.97264e-08 	0.920001 	0.0399995 	0.0399995 	0.0291365 	
ZONE T = "t = 3.7785 [s]" I = 10 SOLUTIONTIME = 3.7784977890462E+00
0.0007874 	2.08798e-08 	0.92 	0.0400001 	0.0400001 	0.0291326 	
0.000841022 	2.08798e-08 	0.92 	0.0400001 	0.0400001 	0.0291326 	
0.000894644 	2.08798e-08 	0.92 	0.04 	0.04 	0.0291325 	
0.000948267 	2.08798e-08 	0.92 	0.0399999 	0.0399999 	0.0291325 	
0.00100189 	2.08798e-08 	0.92 	0.0399999 	0.0399999 	0.0291324 	
0.00105551 	2.08798e-08 	0.92 	0.0399998 	0.0399998 	0.0291324 	
0.00110913 	2.08798e-08 	0.920001 	0.0399997 	0.0399997 	0.0291323 	
0.00116276 	2.08798e-08 	0.920001 	0.0399996 	0.0399996 	0.0291323 	
0.00121638 	2.08798e-08 	0.920001 	0.0399996 	0.0399996 	0.0291322 	
0.00127 	1.97205e-08 	0.920001 	0.0399995 	0.0399995 	0.0291322 	
ZONE T = "t = 5.66775 [s]" I = 10 SOLUTIONTIME = 5.6677466785693E+00
0.0007874 	2.08705e-08 	0.92 	0.0400001 	0.0400001 	0.0291262 	
0.000841022 	2.08705e-08 	0.92 	0.0400001 	0.0400001 	0.0291261 	
0.000894644 	2.08705e-08 	0.92 	0.04 	0.04 	0.0291261 	
0.000948267 	2.08705e-08 	0.92 	0.0399999 	0.0399999 	0.029126 	
0.00100189 	2.08705e-08 	0.92 	0.0399999 	0.0399999 	0.029126 	
0.00105551 	2.08705e-08 	0.92 	0.0399998 	0.0399998 	0.0291259 	
0.00110913 	2.08705e-08 	0.920001 	0.0399997 	0.0399997 	0.0291259 	
0.00116276 	2.08705e-08 	0.920001 	0.0399996 	0.0399996 	0.0291258 	
0.00121638 	2.08705e-08 	0.920001 	0.0399996 	0.0399996 	0.0291258 	
0.00127 	1.97116e-08 	0.920001 	0.0399995 	0.0399995 	0.0291257 	
ZONE T = "t = 8.50162 [s]" I = 10 SOLUTIONTIME = 8.5016200128540E+00
0.0007874 	2.08565e-08 	0.92 	0.0400001 	0.0400001 	0.0291164 	
0.000841022 	2.08565e-08 	0.92 	0.0400001 	0.0400001 	0.0291164 	
0.000894644 	2.08565e-08 	0.92 	0.04 	0.04 	0.0291163 	
0.000948267 	2.08565e-08 	0.92 	0.0399999 	0.0399999 	0.0291163 	
0.00100189 	2.08565e-08 	0.92 	0.0399999 	0.0399999 	0.0291162 	
0.00105551 	2.08565e-08 	0.92 	0.0399998 	0.0399998 	0.0291162 	
0.00110913 	2.08565e-08 	0.920001 	0.0399997 	0.0399997 	0.0291161 	
0.00116276 	2.08565e-08 	0.920001 	0.0399996 	0.0399996 	0.0291161 	
0.00121638 	2.08565e-08 	0.920001 	0.0399996 	0.0399996 	0.029116 	
0.00127 	1.96984e-08 	0.920001 	0.0399995 	0.0399995 	0.029116 	
ZONE T = "t = 12.7524 [s]" I = 10 SOLUTIONTIME = 1.2752430014281E+01
0.0007874 	2.08355e-08 	0.92 	0.0400001 	0.0400001 	0.0291019 	
0.000841022 	2.08355e-08 	0.92 	0.0400001 	0.0400001 	0.0291018 	
0.000894644 	2.08355e-08 	0.92 	0.04 	0.04 	0.0291018 	
0.000948267 	2.08355e-08 	0.92 	0.0399999 	0.0399999 	0.0291017 	
0.00100189 	2.08355e-08 	0.92 	0.0399999 	0.0399999 	0.0291017 	
0.00105551 	2.08355e-08 	0.92 	0.0399998 	0.0399998 	0.0291016 	
0.00110913 	2.08355e-08 	0.920001 	0.0399997 	0.0399997 	0.0291016 	
0.00116276 	2.08355e-08 	0.920001 	0.0399996 	0.0399996 	0.0291015 	
0.00121638 	2.08355e-08 	0.920001 	0.0399996 	0.0399996 	0.0291015 	
0.00127 	1.96786e-08 	0.920001 	0.0399995 	0.0399995 	0.0291014 	
ZONE T = "t = 19.1286 [s]" I = 10 SOLUTIONTIME = 1.9128645016421E+01
0.0007874 	2.08041e-08 	0.92 	0.0400001 	0.0400001 	0.0290801 	
0.000841022 	2.08041e-08 	0.92 	0.0400001 	0.0400001 	0.02908 	
0.000894644 	2.08041e-08 	0.92 	0.04 	0.04 	0.02908 	
0.000948267 	2.08041e-08 	0.92 	0.0399999 	0.0399999 	0.0290799 	
0.00100189 	2.08041e-08 	0.92 	0.0399999 	0.0399999 	0.0290799 	
0.00105551 	2.08041e-08 	0.92 	0.0399998 	0.0399998 	0.0290798 	
0.00110913 	2.08041e-08 	0.920001 	0.0399997 	0.0399997 	0.0290798 	
0.00116276 	2.08041e-08 	0.920001 	0.0399996 	0.0399996 	0.0290797 	
0.00121638 	2.08041e-08 	0.920001 	0.0399996 	0.0399996 	0.0290797 	
0.00127 	1.9649e-08 	0.920001 	0.0399995 	0.0399995 	0.0290796 	
ZONE T = "t = 28.693 [s]" I = 10 SOLUTIONTIME = 2.8692967519632E+01
0.0007874 	2.07573e-08 	0.92 	0.0400001 	0.0400001 	0.0290474 	
0.000841022 	2.07573e-08 	0.92 	0.0400001 	0.0400001 	0.0290474 	
0.000894644 	2.07573e-08 	0.92 	0.04 	0.04 	0.0290473 	
0.000948267 	2.07573e-08 	0.92 	0.0399999 	0.0399999 	0.0290473 	
0.00100189 	2.07573e-08 	0.92 	0.0399999 	0.0399999 	0.0290472 	
0.00105551 	2.07573e-08 	0.92 	0.0399998 	0.0399998 	0.0290472 	
0.00110913 	2.07573e-08 	0.920001 	0.0399997 	0.0399997 	0.0290471 	
0.00116276 	2.07573e-08 	0.920001 	0.0399997 	0.0399997 	0.0290471 	
0.00121638 	2.07573e-08 	0.920001 	0.0399996 	0.0399996 	0.029047 	
0.00127 	1.96048e-08 	0.920001 	0.0399995 	0.0399995 	0.029047 	
ZONE T = "t = 43.0395 [s]" I = 10 SOLUTIONTIME = 4.3039451274448E+01
0.0007874 	2.06874e-08 	0.92 	0.0400001 	0.0400001 	0.0289986 	
0.000841022 	2.06874e-08 	0.92 	0.0400001 	0.0400001 	0.0289986 	
0.000894644 	2.06874e-08 	0.92 	0.04 	0.04 	0.0289985 	
0.000948267 	2.06874e-08 	0.92 	0.0399999 	0.0399999 	0.0289985 	
0.00100189 	2.06874e-08 	0.92 	0.0399999 	0.0399999 	0.0289984 	
0.00105551 	2.06874e-08 	0.92 	0.0399998 	0.0399998 	0.0289984 	
0.00110913 	2.06874e-08 	0.920001 	0.0399997 	0.0399997 	0.0289983 	
0.00116276 	2.06874e-08 	0.920001 	0.0399997 	0.0399997 	0.0289983 	
0.00121638 	2.06874e-08 	0.920001 	0.0399996 	0.0399996 	0.0289982 	
0.00127 	1.95388e-08 	0.920001 	0.0399995 	0.0399995 	0.0289982 	
ZONE T = "t = 64.5592 [s]" I = 10 SOLUTIONTIME = 6.4559176906673E+01
0.0007874 	2.05835e-08 	0.92 	0.0400001 	0.0400001 	0.0289257 	
0.000841022 	2.05835e-08 	0.92 	0.0400001 	0.0400001 	0.0289257 	
0.000894644 	2.05835e-08 	0.92 	0.04 	0.04 	0.0289256 	
0.000948267 	2.05835e-08 	0.92 	0.0399999 	0.0399999 	0.0289256 	
0.00100189 	2.05835e-08 	0.92 	0.0399999 	0.0399999 	0.0289255 	
0.00105551 	2.05835e-08 	0.92 	0.0399998 	0.0399998 	0.0289255 	
0.00110913 	2.05835e-08 	0.920001 	0.0399997 	0.0399997 	0.0289254 	
0.00116276 	2.05835e-08 	0.920001 	0.0399997 	0.0399997 	0.0289254 	
0.00121638 	2.05835e-08 	0.920001 	0.0399996 	0.0399996 	0.0289253 	
0.00127 	1.94406e-08 	0.920001 	0.0399995 	0.0399995 	0.0289253 	
ZONE T = "t = 96.8388 [s]" I = 10 SOLUTIONTIME = 9.6838765355009E+01
0.0007874 	2.04297e-08 	0.92 	0.0400001 	0.0400001 	0.0288172 	
0.000841022 	2.04297e-08 	0.92 	0.0400001 	0.0400001 	0.0288171 	
0.000894644 	2.04297e-08 	0.92 	0.04 	0.04 	0.0288171 	
0.000948267 	2.04297e-08 	0.92 	0.0399999 	0.0399999 	0.028817 	
0.00100189 	2.04297e-08 	0.92 	0.0399999 	0.0399999 	0.028817 	
0.00105551 	2.04297e-08 	0.92 	0.0399998 	0.0399998 	0.0288169 	
0.00110913 	2.04297e-08 	0.920001 	0.0399997 	0.0399997 	0.0288169 	
0.00116276 	2.04297e-08 	0.920001 	0.0399997 	0.0399997 	0.0288168 	
0.00121638 	2.04297e-08 	0.920001 	0.0399996 	0.0399996 	0.0288168 	
0.00127 	1.92953e-08 	0.920001 	0.0399995 	0.0399995 	0.0288167 	
ZONE T = "t = 145.258 [s]" I = 10 SOLUTIONTIME = 1.4525814802751E+02
0.0007874 	2.02033e-08 	0.92 	0.0400001 	0.0400001 	0.028656 	
0.000841022 	2.02033e-08 	0.92 	0.0400001 	0.0400001 	0.028656 	
0.000894644 	2.02033e-08 	0.92 	0.04 	0.04 	0.0286559 	
0.000948267 	2.02033e-08 	0.92 	0.0399999 	0.0399999 	0.0286559 	
0.00100189 	2.02033e-08 	0.92 	0.0399999 	0.0399999 	0.0286558 	
0.00105551 	2.02033e-08 	0.92 	0.0399998 	0.0399998 	0.0286558 	
0.00110913 	2.02033e-08 	0.920001 	0.0399997 	0.0399997 	0.0286557 	
0.00116276 	2.02033e-08 	0.920001 	0.0399997 	0.0399997 	0.0286557 	
0.00121638 	2.02033e-08 	0.920001 	0.0399996 	0.0399996 	0.0286557 	
0.00127 	1.90815e-08 	0.920001 	0.0399995 	0.0399995 	0.0286556 	
ZONE T = "t = 217.887 [s]" I = 10 SOLUTIONTIME = 2.1788722203627E+02
0.0007874 	1.98733e-08 	0.92 	0.0400001 	0.0400001 	0.0284181 	
0.000841022 	1.98733e-08 	0.92 	0.0400001 	0.0400001 	0.0284181 	
0.000894644 	1.98733e-08 	0.92 	0.04 	0.04 	0.0284181 	
0.000948267 	1.98733e-08 	0.92 	0.0399999 	0.0399999 	0.028418 	
0.00100189 	1.98733e-08 	0.92 	0.0399999 	0.0399999 	0.028418 	
0.00105551 	1.98733e-08 	0.92 	0.0399998 	0.0399998 	0.0284179 	
0.00110913 	1.98733e-08 	0.920001 	0.0399997 	0.0399997 	0.0284179 	
0.00116276 	1.98733e-08 	0.920001 	0.0399997 	0.0399997 	0.0284178 	
0.00121638 	1.98733e-08 	0.920001 	0.0399996 	0.0399996 	0.0284178 	
0.00127 	1.87698e-08 	0.920001 	0.0399995 	0.0399995 	0.0284177 	
ZONE T = "t = 317.887 [s]" I = 10 SOLUTIONTIME = 3.1788722203627E+02
0.0007874 	1.942e-08 	0.92 	0.0400001 	0.0400001 	0.0280857 	
0.000841022 	1.942e-08 	0.92 	0.0400001 	0.0400001 	0.0280856 	
0.000894644 	1.942e-08 	0.92 	0.04 	0.04 	0.0280856 	
0.000948267 	1.942e-08 	0.92 	0.0399999 	0.0399999 	0.0280855 	
0.00100189 	1.942e-08 	0.92 	0.0399999 	0.0399999 	0.0280855 	
0.00105551 	1.942e-08 	0.92 	0.0399998 	0.0399998 	0.0280854 	
0.00110913 	1.942e-08 	0.920001 	0.0399997 	0.0399997 	0.0280854 	
0.00116276 	1.942e-08 	0.920001 	0.0399997 	0.0399997 	0.0280853 	
0.00121638 	1.942e-08 	0.920001 	0.0399996 	0.0399996 	0.0280853 	
0.00127 	1.83416e-08 	0.920001 	0.0399995 	0.0399995 	0.0280853 	
ZONE T = "t = 417.887 [s]" I = 10 SOLUTIONTIME = 4.1788722203627E+02
0.0007874 	1.88847e-08 	0.92 	0.0400001 	0.0400001 	0.0276851 	
0.000841022 	1.88847e-08 	0.92 	0.0400001 	0.0400001 	0.027685 	
0.000894644 	1.88847e-08 	0.92 	0.04 	0.04 	0.027685 	
0.000948267 	1.88847e-08 	0.92 	0.0399999 	0.0399999 	0.0276849 	
0.00100189 	1.88847e-08 	0.92 	0.0399999 	0.0399999 	0.0276849 	
0.00105551 	1.88847e-08 	0.92 	0.0399998 	0.0399998 	0.0276848 	
0.00110913 	1.88847e-08 	0.920001 	0.0399997 	0.0399997 	0.0276848 	
0.00116276 	1.88847e-08 	0.920001 	0.0399997 	0.0399997 	0.0276847 	
0.00121638 	1.88847e-08 	0.920001 	0.0399996 	0.0399996 	0.0276847 	
0.00127 	1.7836e-08 	0.920001 	0.0399996 	0.0399996 	0.0276846 	
ZONE T = "t = 511.544 [s]" I = 10 SOLUTIONTIME = 5.1154445792117E+02
0.0007874 	1.84864e-08 	0.92 	0.0400001 	0.0400001 	0.0273803 	
0.000841022 	1.84864e-08 	0.92 	0.0400001 	0.0400001 	0.0273802 	
0.000894644 	1.84864e-08 	0.92 	0.04 	0.04 	0.0273802 	
0.000948267 	1.84864e-08 	0.92 	0.0399999 	0.0399999 	0.0273801 	
0.00100189 	1.84864e-08 	0.92 	0.0399999 	0.0399999 	0.0273801 	
0.00105551 	1.84864e-08 	0.92 	0.0399998 	0.0399998 	0.02738 	
0.00110913 	1.84864e-08 	0.92 	0.0399998 	0.0399998 	0.02738 	
0.00116276 	1.84864e-08 	0.920001 	0.0399997 	0.0399997 	0.02738 	
0.00121638 	1.84864e-08 	0.920001 	0.0399996 	0.0399996 	0.0273799 	
