TITLE = "Solution on Domain BulkDomain1D_1"
VARIABLES = "x [m]"  
"Vel_axial(0)" 	"MF_sp(ECDMC)" 	"MF_sp(Li+)" 	"MF_sp(PF6-)" 	"Volt(Electroly)" 	
ZONE T = "t = 0 [s]" I = 10 SOLUTIONTIME = 0.0000000000000E+00
0.000128 	0 	0.92 	0.04 	0.04 	-0.07 	
0.0845724 	0 	0.92 	0.04 	0.04 	-0.07 	
0.169017 	0 	0.92 	0.04 	0.04 	-0.07 	
0.253461 	0 	0.92 	0.04 	0.04 	-0.07 	
0.337906 	0 	0.92 	0.04 	0.04 	-0.07 	
0.42235 	0 	0.92 	0.04 	0.04 	-0.07 	
0.506795 	0 	0.92 	0.04 	0.04 	-0.07 	
0.591239 	0 	0.92 	0.04 	0.04 	-0.07 	
0.675684 	0 	0.92 	0.04 	0.04 	-0.07 	
0.760128 	0 	0.92 	0.04 	0.04 	-0.07 	
ZONE T = "t = 1e-08 [s]" I = 10 SOLUTIONTIME = 1.0000000000000E-08
0.000128 	1.38881e-08 	0.92 	0.04 	0.04 	-0.0150938 	
0.0845724 	1.38881e-08 	0.92 	0.04 	0.04 	-0.0151315 	
0.169017 	1.38881e-08 	0.92 	0.04 	0.04 	-0.0151692 	
0.253461 	1.38881e-08 	0.92 	0.04 	0.04 	-0.0152068 	
0.337906 	1.38881e-08 	0.92 	0.04 	0.04 	-0.0152445 	
0.42235 	1.38881e-08 	0.92 	0.04 	0.04 	-0.0152822 	
0.506795 	1.38881e-08 	0.92 	0.04 	0.04 	-0.0153198 	
0.591239 	1.38881e-08 	0.92 	0.04 	0.04 	-0.0153575 	
0.675684 	1.38881e-08 	0.92 	0.04 	0.04 	-0.0153951 	
0.760128 	1.31167e-08 	0.92 	0.04 	0.04 	-0.0154328 	
ZONE T = "t = 2e-08 [s]" I = 10 SOLUTIONTIME = 2.0000000000000E-08
0.000128 	1.38881e-08 	0.92 	0.04 	0.04 	0.00262221 	
0.0845724 	1.38881e-08 	0.92 	0.04 	0.04 	0.00258455 	
0.169017 	1.38881e-08 	0.92 	0.04 	0.04 	0.00254688 	
0.253461 	1.38881e-08 	0.92 	0.04 	0.04 	0.00250922 	
0.337906 	1.38881e-08 	0.92 	0.04 	0.04 	0.00247156 	
0.42235 	1.38881e-08 	0.92 	0.04 	0.04 	0.00243389 	
0.506795 	1.38881e-08 	0.92 	0.04 	0.04 	0.00239623 	
0.591239 	1.38881e-08 	0.92 	0.04 	0.04 	0.00235856 	
0.675684 	1.38881e-08 	0.92 	0.04 	0.04 	0.0023209 	
0.760128 	1.31167e-08 	0.92 	0.04 	0.04 	0.00228323 	
ZONE T = "t = 3e-08 [s]" I = 10 SOLUTIONTIME = 3.0000000000000E-08
0.000128 	1.38881e-08 	0.92 	0.04 	0.04 	0.00262229 	
0.0845724 	1.38881e-08 	0.92 	0.04 	0.04 	0.00258463 	
0.169017 	1.38881e-08 	0.92 	0.04 	0.04 	0.00254696 	
0.253461 	1.38881e-08 	0.92 	0.04 	0.04 	0.0025093 	
0.337906 	1.38881e-08 	0.92 	0.04 	0.04 	0.00247163 	
0.42235 	1.38881e-08 	0.92 	0.04 	0.04 	0.00243397 	
0.506795 	1.38881e-08 	0.92 	0.04 	0.04 	0.0023963 	
0.591239 	1.38881e-08 	0.92 	0.04 	0.04 	0.00235864 	
0.675684 	1.38881e-08 	0.92 	0.04 	0.04 	0.00232098 	
0.760128 	1.31167e-08 	0.92 	0.04 	0.04 	0.00228331 	
ZONE T = "t = 3.5e-08 [s]" I = 10 SOLUTIONTIME = 3.5000000000000E-08
0.000128 	1.38881e-08 	0.92 	0.04 	0.04 	0.00262228 	
0.0845724 	1.38881e-08 	0.92 	0.04 	0.04 	0.00258462 	
0.169017 	1.38881e-08 	0.92 	0.04 	0.04 	0.00254695 	
0.253461 	1.38881e-08 	0.92 	0.04 	0.04 	0.00250929 	
0.337906 	1.38881e-08 	0.92 	0.04 	0.04 	0.00247162 	
0.42235 	1.38881e-08 	0.92 	0.04 	0.04 	0.00243396 	
0.506795 	1.38881e-08 	0.92 	0.04 	0.04 	0.0023963 	
0.591239 	1.38881e-08 	0.92 	0.04 	0.04 	0.00235863 	
0.675684 	1.38881e-08 	0.92 	0.04 	0.04 	0.00232097 	
0.760128 	1.31167e-08 	0.92 	0.04 	0.04 	0.0022833 	
ZONE T = "t = 4e-08 [s]" I = 10 SOLUTIONTIME = 4.0000000000000E-08
0.000128 	1.38881e-08 	0.92 	0.04 	0.04 	0.00262228 	
0.0845724 	1.38881e-08 	0.92 	0.04 	0.04 	0.00258462 	
0.169017 	1.38881e-08 	0.92 	0.04 	0.04 	0.00254695 	
0.253461 	1.38881e-08 	0.92 	0.04 	0.04 	0.00250929 	
0.337906 	1.38881e-08 	0.92 	0.04 	0.04 	0.00247162 	
0.42235 	1.38881e-08 	0.92 	0.04 	0.04 	0.00243396 	
0.506795 	1.38881e-08 	0.92 	0.04 	0.04 	0.0023963 	
0.591239 	1.38881e-08 	0.92 	0.04 	0.04 	0.00235863 	
0.675684 	1.38881e-08 	0.92 	0.04 	0.04 	0.00232097 	
0.760128 	1.31167e-08 	0.92 	0.04 	0.04 	0.0022833 	
ZONE T = "t = 4.5e-08 [s]" I = 10 SOLUTIONTIME = 4.5000000000000E-08
0.000128 	1.38881e-08 	0.92 	0.04 	0.04 	0.00262228 	
0.0845724 	1.38881e-08 	0.92 	0.04 	0.04 	0.00258462 	
0.169017 	1.38881e-08 	0.92 	0.04 	0.04 	0.00254695 	
0.253461 	1.38881e-08 	0.92 	0.04 	0.04 	0.00250929 	
0.337906 	1.38881e-08 	0.92 	0.04 	0.04 	0.00247162 	
0.42235 	1.38881e-08 	0.92 	0.04 	0.04 	0.00243396 	
0.506795 	1.38881e-08 	0.92 	0.04 	0.04 	0.0023963 	
0.591239 	1.38881e-08 	0.92 	0.04 	0.04 	0.00235863 	
0.675684 	1.38881e-08 	0.92 	0.04 	0.04 	0.00232097 	
0.760128 	1.31167e-08 	0.92 	0.04 	0.04 	0.0022833 	
ZONE T = "t = 5.25e-08 [s]" I = 10 SOLUTIONTIME = 5.2500000000000E-08
0.000128 	1.38881e-08 	0.92 	0.04 	0.04 	0.00262228 	
0.0845724 	1.38881e-08 	0.92 	0.04 	0.04 	0.00258462 	
0.169017 	1.38881e-08 	0.92 	0.04 	0.04 	0.00254695 	
0.253461 	1.38881e-08 	0.92 	0.04 	0.04 	0.00250929 	
0.337906 	1.38881e-08 	0.92 	0.04 	0.04 	0.00247162 	
0.42235 	1.38881e-08 	0.92 	0.04 	0.04 	0.00243396 	
0.506795 	1.38881e-08 	0.92 	0.04 	0.04 	0.0023963 	
0.591239 	1.38881e-08 	0.92 	0.04 	0.04 	0.00235863 	
0.675684 	1.38881e-08 	0.92 	0.04 	0.04 	0.00232097 	
0.760128 	1.31167e-08 	0.92 	0.04 	0.04 	0.0022833 	
ZONE T = "t = 6.375e-08 [s]" I = 10 SOLUTIONTIME = 6.3750000000000E-08
0.000128 	1.38881e-08 	0.92 	0.04 	0.04 	0.00262228 	
0.0845724 	1.38881e-08 	0.92 	0.04 	0.04 	0.00258462 	
0.169017 	1.38881e-08 	0.92 	0.04 	0.04 	0.00254695 	
0.253461 	1.38881e-08 	0.92 	0.04 	0.04 	0.00250929 	
0.337906 	1.38881e-08 	0.92 	0.04 	0.04 	0.00247162 	
0.42235 	1.38881e-08 	0.92 	0.04 	0.04 	0.00243396 	
0.506795 	1.38881e-08 	0.92 	0.04 	0.04 	0.0023963 	
0.591239 	1.38881e-08 	0.92 	0.04 	0.04 	0.00235863 	
0.675684 	1.38881e-08 	0.92 	0.04 	0.04 	0.00232097 	
0.760128 	1.31167e-08 	0.92 	0.04 	0.04 	0.0022833 	
ZONE T = "t = 8.0625e-08 [s]" I = 10 SOLUTIONTIME = 8.0625000000000E-08
0.000128 	1.38881e-08 	0.92 	0.04 	0.04 	0.00262228 	
0.0845724 	1.38881e-08 	0.92 	0.04 	0.04 	0.00258462 	
0.169017 	1.38881e-08 	0.92 	0.04 	0.04 	0.00254695 	
0.253461 	1.38881e-08 	0.92 	0.04 	0.04 	0.00250929 	
0.337906 	1.38881e-08 	0.92 	0.04 	0.04 	0.00247162 	
0.42235 	1.38881e-08 	0.92 	0.04 	0.04 	0.00243396 	
0.506795 	1.38881e-08 	0.92 	0.04 	0.04 	0.0023963 	
0.591239 	1.38881e-08 	0.92 	0.04 	0.04 	0.00235863 	
0.675684 	1.38881e-08 	0.92 	0.04 	0.04 	0.00232097 	
0.760128 	1.31167e-08 	0.92 	0.04 	0.04 	0.0022833 	
ZONE T = "t = 1.05938e-07 [s]" I = 10 SOLUTIONTIME = 1.0593750000000E-07
0.000128 	1.38881e-08 	0.92 	0.04 	0.04 	0.00262228 	
0.0845724 	1.38881e-08 	0.92 	0.04 	0.04 	0.00258462 	
0.169017 	1.38881e-08 	0.92 	0.04 	0.04 	0.00254695 	
0.253461 	1.38881e-08 	0.92 	0.04 	0.04 	0.00250929 	
0.337906 	1.38881e-08 	0.92 	0.04 	0.04 	0.00247162 	
0.42235 	1.38881e-08 	0.92 	0.04 	0.04 	0.00243396 	
0.506795 	1.38881e-08 	0.92 	0.04 	0.04 	0.0023963 	
0.591239 	1.38881e-08 	0.92 	0.04 	0.04 	0.00235863 	
0.675684 	1.38881e-08 	0.92 	0.04 	0.04 	0.00232097 	
0.760128 	1.31167e-08 	0.92 	0.04 	0.04 	0.0022833 	
ZONE T = "t = 1.43906e-07 [s]" I = 10 SOLUTIONTIME = 1.4390625000000E-07
0.000128 	1.38881e-08 	0.92 	0.04 	0.04 	0.00262228 	
0.0845724 	1.38881e-08 	0.92 	0.04 	0.04 	0.00258462 	
0.169017 	1.38881e-08 	0.92 	0.04 	0.04 	0.00254695 	
0.253461 	1.38881e-08 	0.92 	0.04 	0.04 	0.00250929 	
0.337906 	1.38881e-08 	0.92 	0.04 	0.04 	0.00247162 	
0.42235 	1.38881e-08 	0.92 	0.04 	0.04 	0.00243396 	
0.506795 	1.38881e-08 	0.92 	0.04 	0.04 	0.0023963 	
0.591239 	1.38881e-08 	0.92 	0.04 	0.04 	0.00235863 	
0.675684 	1.38881e-08 	0.92 	0.04 	0.04 	0.00232097 	
0.760128 	1.31167e-08 	0.92 	0.04 	0.04 	0.0022833 	
ZONE T = "t = 2.00859e-07 [s]" I = 10 SOLUTIONTIME = 2.0085937500000E-07
0.000128 	1.38881e-08 	0.92 	0.04 	0.04 	0.00262228 	
0.0845724 	1.38881e-08 	0.92 	0.04 	0.04 	0.00258462 	
0.169017 	1.38881e-08 	0.92 	0.04 	0.04 	0.00254695 	
0.253461 	1.38881e-08 	0.92 	0.04 	0.04 	0.00250929 	
0.337906 	1.38881e-08 	0.92 	0.04 	0.04 	0.00247162 	
0.42235 	1.38881e-08 	0.92 	0.04 	0.04 	0.00243396 	
0.506795 	1.38881e-08 	0.92 	0.04 	0.04 	0.0023963 	
0.591239 	1.38881e-08 	0.92 	0.04 	0.04 	0.00235863 	
0.675684 	1.38881e-08 	0.92 	0.04 	0.04 	0.00232097 	
0.760128 	1.31167e-08 	0.92 	0.04 	0.04 	0.0022833 	
ZONE T = "t = 2.86289e-07 [s]" I = 10 SOLUTIONTIME = 2.8628906250000E-07
0.000128 	1.38881e-08 	0.92 	0.04 	0.04 	0.00262228 	
0.0845724 	1.38881e-08 	0.92 	0.04 	0.04 	0.00258462 	
0.169017 	1.38881e-08 	0.92 	0.04 	0.04 	0.00254695 	
0.253461 	1.38881e-08 	0.92 	0.04 	0.04 	0.00250929 	
0.337906 	1.38881e-08 	0.92 	0.04 	0.04 	0.00247162 	
0.42235 	1.38881e-08 	0.92 	0.04 	0.04 	0.00243396 	
0.506795 	1.38881e-08 	0.92 	0.04 	0.04 	0.0023963 	
0.591239 	1.38881e-08 	0.92 	0.04 	0.04 	0.00235863 	
0.675684 	1.38881e-08 	0.92 	0.04 	0.04 	0.00232097 	
0.760128 	1.31167e-08 	0.92 	0.04 	0.04 	0.0022833 	
ZONE T = "t = 4.14434e-07 [s]" I = 10 SOLUTIONTIME = 4.1443359375000E-07
0.000128 	1.38881e-08 	0.92 	0.04 	0.04 	0.00262228 	
0.0845724 	1.38881e-08 	0.92 	0.04 	0.04 	0.00258462 	
0.169017 	1.38881e-08 	0.92 	0.04 	0.04 	0.00254695 	
0.253461 	1.38881e-08 	0.92 	0.04 	0.04 	0.00250929 	
0.337906 	1.38881e-08 	0.92 	0.04 	0.04 	0.00247162 	
0.42235 	1.38881e-08 	0.92 	0.04 	0.04 	0.00243396 	
0.506795 	1.38881e-08 	0.92 	0.04 	0.04 	0.0023963 	
0.591239 	1.38881e-08 	0.92 	0.04 	0.04 	0.00235863 	
0.675684 	1.38881e-08 	0.92 	0.04 	0.04 	0.00232097 	
0.760128 	1.31167e-08 	0.92 	0.04 	0.04 	0.0022833 	
ZONE T = "t = 6.0665e-07 [s]" I = 10 SOLUTIONTIME = 6.0665039062500E-07
0.000128 	1.38881e-08 	0.92 	0.04 	0.04 	0.00262228 	
0.0845724 	1.38881e-08 	0.92 	0.04 	0.04 	0.00258462 	
0.169017 	1.38881e-08 	0.92 	0.04 	0.04 	0.00254695 	
0.253461 	1.38881e-08 	0.92 	0.04 	0.04 	0.00250929 	
0.337906 	1.38881e-08 	0.92 	0.04 	0.04 	0.00247162 	
0.42235 	1.38881e-08 	0.92 	0.04 	0.04 	0.00243396 	
0.506795 	1.38881e-08 	0.92 	0.04 	0.04 	0.0023963 	
0.591239 	1.38881e-08 	0.92 	0.04 	0.04 	0.00235863 	
0.675684 	1.38881e-08 	0.92 	0.04 	0.04 	0.00232097 	
0.760128 	1.31167e-08 	0.92 	0.04 	0.04 	0.0022833 	
ZONE T = "t = 8.94976e-07 [s]" I = 10 SOLUTIONTIME = 8.9497558593750E-07
0.000128 	1.38881e-08 	0.92 	0.04 	0.04 	0.00262228 	
0.0845724 	1.38881e-08 	0.92 	0.04 	0.04 	0.00258462 	
0.169017 	1.38881e-08 	0.92 	0.04 	0.04 	0.00254695 	
0.253461 	1.38881e-08 	0.92 	0.04 	0.04 	0.00250929 	
0.337906 	1.38881e-08 	0.92 	0.04 	0.04 	0.00247162 	
0.42235 	1.38881e-08 	0.92 	0.04 	0.04 	0.00243396 	
0.506795 	1.38881e-08 	0.92 	0.04 	0.04 	0.0023963 	
0.591239 	1.38881e-08 	0.92 	0.04 	0.04 	0.00235863 	
0.675684 	1.38881e-08 	0.92 	0.04 	0.04 	0.00232097 	
0.760128 	1.31167e-08 	0.92 	0.04 	0.04 	0.0022833 	
ZONE T = "t = 1.32746e-06 [s]" I = 10 SOLUTIONTIME = 1.3274633789063E-06
0.000128 	1.38881e-08 	0.92 	0.04 	0.04 	0.00262228 	
0.0845724 	1.38881e-08 	0.92 	0.04 	0.04 	0.00258462 	
0.169017 	1.38881e-08 	0.92 	0.04 	0.04 	0.00254695 	
0.253461 	1.38881e-08 	0.92 	0.04 	0.04 	0.00250929 	
0.337906 	1.38881e-08 	0.92 	0.04 	0.04 	0.00247162 	
0.42235 	1.38881e-08 	0.92 	0.04 	0.04 	0.00243396 	
0.506795 	1.38881e-08 	0.92 	0.04 	0.04 	0.0023963 	
0.591239 	1.38881e-08 	0.92 	0.04 	0.04 	0.00235863 	
0.675684 	1.38881e-08 	0.92 	0.04 	0.04 	0.00232097 	
0.760128 	1.31167e-08 	0.92 	0.04 	0.04 	0.0022833 	
ZONE T = "t = 1.9762e-06 [s]" I = 10 SOLUTIONTIME = 1.9761950683594E-06
0.000128 	1.38881e-08 	0.92 	0.04 	0.04 	0.00262228 	
0.0845724 	1.38881e-08 	0.92 	0.04 	0.04 	0.00258462 	
0.169017 	1.38881e-08 	0.92 	0.04 	0.04 	0.00254695 	
0.253461 	1.38881e-08 	0.92 	0.04 	0.04 	0.00250929 	
0.337906 	1.38881e-08 	0.92 	0.04 	0.04 	0.00247162 	
0.42235 	1.38881e-08 	0.92 	0.04 	0.04 	0.00243396 	
0.506795 	1.38881e-08 	0.92 	0.04 	0.04 	0.0023963 	
0.591239 	1.38881e-08 	0.92 	0.04 	0.04 	0.00235863 	
0.675684 	1.38881e-08 	0.92 	0.04 	0.04 	0.00232097 	
0.760128 	1.31167e-08 	0.92 	0.04 	0.04 	0.0022833 	
ZONE T = "t = 2.94929e-06 [s]" I = 10 SOLUTIONTIME = 2.9492926025391E-06
0.000128 	1.38881e-08 	0.92 	0.04 	0.04 	0.00262228 	
0.0845724 	1.38881e-08 	0.92 	0.04 	0.04 	0.00258462 	
0.169017 	1.38881e-08 	0.92 	0.04 	0.04 	0.00254695 	
0.253461 	1.38881e-08 	0.92 	0.04 	0.04 	0.00250929 	
0.337906 	1.38881e-08 	0.92 	0.04 	0.04 	0.00247162 	
0.42235 	1.38881e-08 	0.92 	0.04 	0.04 	0.00243396 	
0.506795 	1.38881e-08 	0.92 	0.04 	0.04 	0.0023963 	
0.591239 	1.38881e-08 	0.92 	0.04 	0.04 	0.00235863 	
0.675684 	1.38881e-08 	0.92 	0.04 	0.04 	0.00232097 	
0.760128 	1.31167e-08 	0.92 	0.04 	0.04 	0.0022833 	
ZONE T = "t = 4.40894e-06 [s]" I = 10 SOLUTIONTIME = 4.4089389038086E-06
0.000128 	1.38881e-08 	0.92 	0.04 	0.04 	0.00262228 	
0.0845724 	1.38881e-08 	0.92 	0.04 	0.04 	0.00258462 	
0.169017 	1.38881e-08 	0.92 	0.04 	0.04 	0.00254695 	
0.253461 	1.38881e-08 	0.92 	0.04 	0.04 	0.00250929 	
0.337906 	1.38881e-08 	0.92 	0.04 	0.04 	0.00247162 	
0.42235 	1.38881e-08 	0.92 	0.04 	0.04 	0.00243396 	
0.506795 	1.38881e-08 	0.92 	0.04 	0.04 	0.0023963 	
0.591239 	1.38881e-08 	0.92 	0.04 	0.04 	0.00235863 	
0.675684 	1.38881e-08 	0.92 	0.04 	0.04 	0.00232097 	
0.760128 	1.31167e-08 	0.92 	0.04 	0.04 	0.0022833 	
ZONE T = "t = 6.59841e-06 [s]" I = 10 SOLUTIONTIME = 6.5984083557129E-06
0.000128 	1.38881e-08 	0.92 	0.04 	0.04 	0.00262228 	
0.0845724 	1.38881e-08 	0.92 	0.04 	0.04 	0.00258462 	
0.169017 	1.38881e-08 	0.92 	0.04 	0.04 	0.00254695 	
0.253461 	1.38881e-08 	0.92 	0.04 	0.04 	0.00250929 	
0.337906 	1.38881e-08 	0.92 	0.04 	0.04 	0.00247162 	
0.42235 	1.38881e-08 	0.92 	0.04 	0.04 	0.00243396 	
0.506795 	1.38881e-08 	0.92 	0.04 	0.04 	0.00239629 	
0.591239 	1.38881e-08 	0.92 	0.04 	0.04 	0.00235863 	
0.675684 	1.38881e-08 	0.92 	0.04 	0.04 	0.00232097 	
0.760128 	1.31167e-08 	0.92 	0.04 	0.04 	0.0022833 	
ZONE T = "t = 9.88261e-06 [s]" I = 10 SOLUTIONTIME = 9.8826125335693E-06
0.000128 	1.38881e-08 	0.92 	0.04 	0.04 	0.00262228 	
0.0845724 	1.38881e-08 	0.92 	0.04 	0.04 	0.00258462 	
0.169017 	1.38881e-08 	0.92 	0.04 	0.04 	0.00254695 	
0.253461 	1.38881e-08 	0.92 	0.04 	0.04 	0.00250929 	
0.337906 	1.38881e-08 	0.92 	0.04 	0.04 	0.00247162 	
0.42235 	1.38881e-08 	0.92 	0.04 	0.04 	0.00243396 	
0.506795 	1.38881e-08 	0.92 	0.04 	0.04 	0.00239629 	
0.591239 	1.38881e-08 	0.92 	0.04 	0.04 	0.00235863 	
0.675684 	1.38881e-08 	0.92 	0.04 	0.04 	0.00232097 	
0.760128 	1.31167e-08 	0.92 	0.04 	0.04 	0.0022833 	
ZONE T = "t = 1.48089e-05 [s]" I = 10 SOLUTIONTIME = 1.4808918800354E-05
0.000128 	1.38881e-08 	0.92 	0.04 	0.04 	0.00262228 	
0.0845724 	1.38881e-08 	0.92 	0.04 	0.04 	0.00258462 	
0.169017 	1.38881e-08 	0.92 	0.04 	0.04 	0.00254695 	
0.253461 	1.38881e-08 	0.92 	0.04 	0.04 	0.00250929 	
0.337906 	1.38881e-08 	0.92 	0.04 	0.04 	0.00247162 	
0.42235 	1.38881e-08 	0.92 	0.04 	0.04 	0.00243396 	
0.506795 	1.38881e-08 	0.92 	0.04 	0.04 	0.00239629 	
0.591239 	1.38881e-08 	0.92 	0.04 	0.04 	0.00235863 	
0.675684 	1.38881e-08 	0.92 	0.04 	0.04 	0.00232097 	
0.760128 	1.31167e-08 	0.92 	0.04 	0.04 	0.0022833 	
ZONE T = "t = 2.21984e-05 [s]" I = 10 SOLUTIONTIME = 2.2198378200531E-05
0.000128 	1.38881e-08 	0.92 	0.04 	0.04 	0.00262228 	
0.0845724 	1.38881e-08 	0.92 	0.04 	0.04 	0.00258462 	
0.169017 	1.38881e-08 	0.92 	0.04 	0.04 	0.00254695 	
0.253461 	1.38881e-08 	0.92 	0.04 	0.04 	0.00250929 	
0.337906 	1.38881e-08 	0.92 	0.04 	0.04 	0.00247162 	
0.42235 	1.38881e-08 	0.92 	0.04 	0.04 	0.00243396 	
0.506795 	1.38881e-08 	0.92 	0.04 	0.04 	0.00239629 	
0.591239 	1.38881e-08 	0.92 	0.04 	0.04 	0.00235863 	
0.675684 	1.38881e-08 	0.92 	0.04 	0.04 	0.00232097 	
0.760128 	1.31167e-08 	0.92 	0.04 	0.04 	0.0022833 	
ZONE T = "t = 3.32826e-05 [s]" I = 10 SOLUTIONTIME = 3.3282567300797E-05
0.000128 	1.38881e-08 	0.92 	0.04 	0.04 	0.00262228 	
0.0845724 	1.38881e-08 	0.92 	0.04 	0.04 	0.00258462 	
0.169017 	1.38881e-08 	0.92 	0.04 	0.04 	0.00254695 	
0.253461 	1.38881e-08 	0.92 	0.04 	0.04 	0.00250929 	
0.337906 	1.38881e-08 	0.92 	0.04 	0.04 	0.00247162 	
0.42235 	1.38881e-08 	0.92 	0.04 	0.04 	0.00243396 	
0.506795 	1.38881e-08 	0.92 	0.04 	0.04 	0.00239629 	
0.591239 	1.38881e-08 	0.92 	0.04 	0.04 	0.00235863 	
0.675684 	1.38881e-08 	0.92 	0.04 	0.04 	0.00232096 	
0.760128 	1.31167e-08 	0.92 	0.04 	0.04 	0.0022833 	
ZONE T = "t = 4.99089e-05 [s]" I = 10 SOLUTIONTIME = 4.9908850951195E-05
0.000128 	1.38881e-08 	0.92 	0.04 	0.04 	0.00262228 	
0.0845724 	1.38881e-08 	0.92 	0.04 	0.04 	0.00258462 	
0.169017 	1.38881e-08 	0.92 	0.04 	0.04 	0.00254695 	
0.253461 	1.38881e-08 	0.92 	0.04 	0.04 	0.00250929 	
0.337906 	1.38881e-08 	0.92 	0.04 	0.04 	0.00247162 	
0.42235 	1.38881e-08 	0.92 	0.04 	0.04 	0.00243396 	
0.506795 	1.38881e-08 	0.92 	0.04 	0.04 	0.00239629 	
0.591239 	1.38881e-08 	0.92 	0.04 	0.04 	0.00235863 	
0.675684 	1.38881e-08 	0.92 	0.04 	0.04 	0.00232096 	
0.760128 	1.31167e-08 	0.92 	0.04 	0.04 	0.0022833 	
ZONE T = "t = 7.48483e-05 [s]" I = 10 SOLUTIONTIME = 7.4848276426792E-05
0.000128 	1.38881e-08 	0.92 	0.04 	0.04 	0.00262228 	
0.0845724 	1.38881e-08 	0.92 	0.04 	0.04 	0.00258461 	
0.169017 	1.38881e-08 	0.92 	0.04 	0.04 	0.00254695 	
0.253461 	1.38881e-08 	0.92 	0.04 	0.04 	0.00250928 	
0.337906 	1.38881e-08 	0.92 	0.04 	0.04 	0.00247162 	
0.42235 	1.38881e-08 	0.92 	0.04 	0.04 	0.00243396 	
0.506795 	1.38881e-08 	0.92 	0.04 	0.04 	0.00239629 	
0.591239 	1.38881e-08 	0.92 	0.04 	0.04 	0.00235863 	
0.675684 	1.38881e-08 	0.92 	0.04 	0.04 	0.00232096 	
0.760128 	1.31167e-08 	0.92 	0.04 	0.04 	0.0022833 	
ZONE T = "t = 0.000112257 [s]" I = 10 SOLUTIONTIME = 1.1225741464019E-04
0.000128 	1.38881e-08 	0.92 	0.04 	0.04 	0.00262228 	
0.0845724 	1.38881e-08 	0.92 	0.04 	0.04 	0.00258461 	
0.169017 	1.38881e-08 	0.92 	0.04 	0.04 	0.00254695 	
0.253461 	1.38881e-08 	0.92 	0.04 	0.04 	0.00250928 	
0.337906 	1.38881e-08 	0.92 	0.04 	0.04 	0.00247162 	
0.42235 	1.38881e-08 	0.92 	0.04 	0.04 	0.00243395 	
0.506795 	1.38881e-08 	0.92 	0.04 	0.04 	0.00239629 	
0.591239 	1.38881e-08 	0.92 	0.04 	0.04 	0.00235862 	
0.675684 	1.38881e-08 	0.92 	0.04 	0.04 	0.00232096 	
0.760128 	1.31167e-08 	0.92 	0.04 	0.04 	0.0022833 	
ZONE T = "t = 0.000168371 [s]" I = 10 SOLUTIONTIME = 1.6837112196028E-04
0.000128 	1.38881e-08 	0.92 	0.04 	0.04 	0.00262227 	
0.0845724 	1.38881e-08 	0.92 	0.04 	0.04 	0.00258461 	
0.169017 	1.38881e-08 	0.92 	0.04 	0.04 	0.00254694 	
0.253461 	1.38881e-08 	0.92 	0.04 	0.04 	0.00250928 	
0.337906 	1.38881e-08 	0.92 	0.04 	0.04 	0.00247162 	
0.42235 	1.38881e-08 	0.92 	0.04 	0.04 	0.00243395 	
0.506795 	1.38881e-08 	0.92 	0.04 	0.04 	0.00239629 	
0.591239 	1.38881e-08 	0.92 	0.04 	0.04 	0.00235862 	
0.675684 	1.38881e-08 	0.92 	0.04 	0.04 	0.00232096 	
0.760128 	1.31167e-08 	0.92 	0.04 	0.04 	0.00228329 	
ZONE T = "t = 0.000252542 [s]" I = 10 SOLUTIONTIME = 2.5254168294042E-04
0.000128 	1.38881e-08 	0.92 	0.04 	0.04 	0.00262227 	
0.0845724 	1.38881e-08 	0.92 	0.04 	0.04 	0.00258461 	
0.169017 	1.38881e-08 	0.92 	0.04 	0.04 	0.00254694 	
0.253461 	1.38881e-08 	0.92 	0.04 	0.04 	0.00250928 	
0.337906 	1.38881e-08 	0.92 	0.04 	0.04 	0.00247161 	
0.42235 	1.38881e-08 	0.92 	0.04 	0.04 	0.00243395 	
0.506795 	1.38881e-08 	0.92 	0.04 	0.04 	0.00239628 	
0.591239 	1.38881e-08 	0.92 	0.04 	0.04 	0.00235862 	
0.675684 	1.38881e-08 	0.92 	0.04 	0.04 	0.00232095 	
0.760128 	1.31167e-08 	0.92 	0.04 	0.04 	0.00228329 	
ZONE T = "t = 0.000378798 [s]" I = 10 SOLUTIONTIME = 3.7879752441064E-04
0.000128 	1.38881e-08 	0.92 	0.04 	0.04 	0.00262226 	
0.0845724 	1.38881e-08 	0.92 	0.04 	0.04 	0.0025846 	
0.169017 	1.38881e-08 	0.92 	0.04 	0.04 	0.00254694 	
0.253461 	1.38881e-08 	0.92 	0.04 	0.04 	0.00250927 	
0.337906 	1.38881e-08 	0.92 	0.04 	0.04 	0.00247161 	
0.42235 	1.38881e-08 	0.92 	0.04 	0.04 	0.00243394 	
0.506795 	1.38881e-08 	0.92 	0.04 	0.04 	0.00239628 	
0.591239 	1.38881e-08 	0.92 	0.04 	0.04 	0.00235861 	
0.675684 	1.38881e-08 	0.92 	0.04 	0.04 	0.00232095 	
0.760128 	1.31167e-08 	0.92 	0.04 	0.04 	0.00228328 	
ZONE T = "t = 0.000568181 [s]" I = 10 SOLUTIONTIME = 5.6818128661595E-04
0.000128 	1.38881e-08 	0.92 	0.04 	0.04 	0.00262226 	
0.0845724 	1.38881e-08 	0.92 	0.04 	0.04 	0.00258459 	
0.169017 	1.38881e-08 	0.92 	0.04 	0.04 	0.00254693 	
0.253461 	1.38881e-08 	0.92 	0.04 	0.04 	0.00250926 	
0.337906 	1.38881e-08 	0.92 	0.04 	0.04 	0.0024716 	
0.42235 	1.38881e-08 	0.92 	0.04 	0.04 	0.00243393 	
0.506795 	1.38881e-08 	0.92 	0.04 	0.04 	0.00239627 	
0.591239 	1.38881e-08 	0.92 	0.04 	0.04 	0.00235861 	
0.675684 	1.38881e-08 	0.92 	0.04 	0.04 	0.00232094 	
0.760128 	1.31167e-08 	0.92 	0.04 	0.04 	0.00228328 	
ZONE T = "t = 0.000852257 [s]" I = 10 SOLUTIONTIME = 8.5225692992393E-04
0.000128 	1.38881e-08 	0.92 	0.04 	0.04 	0.00262225 	
0.0845724 	1.38881e-08 	0.92 	0.04 	0.04 	0.00258458 	
0.169017 	1.38881e-08 	0.92 	0.04 	0.04 	0.00254692 	
0.253461 	1.38881e-08 	0.92 	0.04 	0.04 	0.00250925 	
0.337906 	1.38881e-08 	0.92 	0.04 	0.04 	0.00247159 	
0.42235 	1.38881e-08 	0.92 	0.04 	0.04 	0.00243393 	
0.506795 	1.38881e-08 	0.92 	0.04 	0.04 	0.00239626 	
0.591239 	1.38881e-08 	0.92 	0.04 	0.04 	0.0023586 	
0.675684 	1.38881e-08 	0.92 	0.04 	0.04 	0.00232093 	
0.760128 	1.31167e-08 	0.92 	0.04 	0.04 	0.00228327 	
ZONE T = "t = 0.00127837 [s]" I = 10 SOLUTIONTIME = 1.2783703948859E-03
0.000128 	1.38881e-08 	0.92 	0.04 	0.04 	0.00262224 	
0.0845724 	1.38881e-08 	0.92 	0.04 	0.04 	0.00258457 	
0.169017 	1.38881e-08 	0.92 	0.04 	0.04 	0.00254691 	
0.253461 	1.38881e-08 	0.92 	0.04 	0.04 	0.00250924 	
0.337906 	1.38881e-08 	0.92 	0.04 	0.04 	0.00247158 	
0.42235 	1.38881e-08 	0.92 	0.04 	0.04 	0.00243391 	
0.506795 	1.38881e-08 	0.92 	0.04 	0.04 	0.00239625 	
0.591239 	1.38881e-08 	0.92 	0.04 	0.04 	0.00235859 	
0.675684 	1.38881e-08 	0.92 	0.04 	0.04 	0.00232092 	
0.760128 	1.31167e-08 	0.92 	0.04 	0.04 	0.00228326 	
ZONE T = "t = 0.00191754 [s]" I = 10 SOLUTIONTIME = 1.9175405923288E-03
0.000128 	1.38881e-08 	0.92 	0.04 	0.04 	0.00262223 	
0.0845724 	1.38881e-08 	0.92 	0.04 	0.04 	0.00258456 	
0.169017 	1.38881e-08 	0.92 	0.04 	0.04 	0.0025469 	
0.253461 	1.38881e-08 	0.92 	0.04 	0.04 	0.00250923 	
0.337906 	1.38881e-08 	0.92 	0.04 	0.04 	0.00247157 	
0.42235 	1.38881e-08 	0.92 	0.04 	0.04 	0.0024339 	
0.506795 	1.38881e-08 	0.92 	0.04 	0.04 	0.00239624 	
0.591239 	1.38881e-08 	0.92 	0.04 	0.04 	0.00235857 	
0.675684 	1.38881e-08 	0.92 	0.04 	0.04 	0.00232091 	
0.760128 	1.31167e-08 	0.92 	0.04 	0.04 	0.00228324 	
ZONE T = "t = 0.0028763 [s]" I = 10 SOLUTIONTIME = 2.8762958884933E-03
0.000128 	1.38881e-08 	0.92 	0.04 	0.04 	0.00262221 	
0.0845724 	1.38881e-08 	0.92 	0.04 	0.04 	0.00258455 	
0.169017 	1.38881e-08 	0.92 	0.04 	0.04 	0.00254688 	
0.253461 	1.38881e-08 	0.92 	0.04 	0.04 	0.00250922 	
0.337906 	1.38881e-08 	0.92 	0.04 	0.04 	0.00247155 	
0.42235 	1.38881e-08 	0.92 	0.04 	0.04 	0.00243389 	
0.506795 	1.38881e-08 	0.92 	0.04 	0.04 	0.00239623 	
0.591239 	1.38881e-08 	0.92 	0.04 	0.04 	0.00235856 	
0.675684 	1.38881e-08 	0.92 	0.04 	0.04 	0.0023209 	
0.760128 	1.31167e-08 	0.92 	0.04 	0.04 	0.00228323 	
ZONE T = "t = 0.00431443 [s]" I = 10 SOLUTIONTIME = 4.3144288327399E-03
0.000128 	1.38881e-08 	0.92 	0.04 	0.04 	0.0026222 	
0.0845724 	1.38881e-08 	0.92 	0.04 	0.04 	0.00258454 	
0.169017 	1.38881e-08 	0.92 	0.04 	0.04 	0.00254687 	
0.253461 	1.38881e-08 	0.92 	0.04 	0.04 	0.00250921 	
0.337906 	1.38881e-08 	0.92 	0.04 	0.04 	0.00247154 	
0.42235 	1.38881e-08 	0.92 	0.04 	0.04 	0.00243388 	
0.506795 	1.38881e-08 	0.92 	0.04 	0.04 	0.00239621 	
0.591239 	1.38881e-08 	0.92 	0.04 	0.04 	0.00235855 	
0.675684 	1.38881e-08 	0.92 	0.04 	0.04 	0.00232089 	
0.760128 	1.31167e-08 	0.92 	0.04 	0.04 	0.00228322 	
ZONE T = "t = 0.00647163 [s]" I = 10 SOLUTIONTIME = 6.4716282491098E-03
0.000128 	1.38881e-08 	0.92 	0.04 	0.04 	0.00262219 	
0.0845724 	1.38881e-08 	0.92 	0.04 	0.04 	0.00258453 	
0.169017 	1.38881e-08 	0.92 	0.04 	0.04 	0.00254686 	
0.253461 	1.38881e-08 	0.92 	0.04 	0.04 	0.0025092 	
0.337906 	1.38881e-08 	0.92 	0.04 	0.04 	0.00247153 	
0.42235 	1.38881e-08 	0.92 	0.04 	0.04 	0.00243387 	
0.506795 	1.38881e-08 	0.92 	0.04 	0.04 	0.00239621 	
0.591239 	1.38881e-08 	0.92 	0.04 	0.04 	0.00235854 	
0.675684 	1.38881e-08 	0.92 	0.04 	0.04 	0.00232088 	
0.760128 	1.31167e-08 	0.92 	0.04 	0.04 	0.00228321 	
ZONE T = "t = 0.00970743 [s]" I = 10 SOLUTIONTIME = 9.7074273736648E-03
0.000128 	1.38881e-08 	0.92 	0.04 	0.04 	0.00262218 	
0.0845724 	1.38881e-08 	0.92 	0.04 	0.04 	0.00258452 	
0.169017 	1.38881e-08 	0.92 	0.04 	0.04 	0.00254686 	
0.253461 	1.38881e-08 	0.92 	0.04 	0.04 	0.00250919 	
0.337906 	1.38881e-08 	0.92 	0.04 	0.04 	0.00247153 	
0.42235 	1.38881e-08 	0.92 	0.04 	0.04 	0.00243386 	
0.506795 	1.38881e-08 	0.92 	0.04 	0.04 	0.0023962 	
0.591239 	1.38881e-08 	0.92 	0.04 	0.04 	0.00235853 	
0.675684 	1.38881e-08 	0.92 	0.04 	0.04 	0.00232087 	
0.760128 	1.31167e-08 	0.92 	0.04 	0.04 	0.0022832 	
ZONE T = "t = 0.0145611 [s]" I = 10 SOLUTIONTIME = 1.4561126060497E-02
0.000128 	1.38881e-08 	0.92 	0.04 	0.04 	0.00262218 	
0.0845724 	1.38881e-08 	0.92 	0.04 	0.04 	0.00258451 	
0.169017 	1.38881e-08 	0.92 	0.04 	0.04 	0.00254685 	
0.253461 	1.38881e-08 	0.92 	0.04 	0.04 	0.00250918 	
0.337906 	1.38881e-08 	0.92 	0.04 	0.04 	0.00247152 	
0.42235 	1.38881e-08 	0.92 	0.04 	0.04 	0.00243385 	
0.506795 	1.38881e-08 	0.92 	0.04 	0.04 	0.00239619 	
0.591239 	1.38881e-08 	0.92 	0.04 	0.04 	0.00235852 	
0.675684 	1.38881e-08 	0.92 	0.04 	0.04 	0.00232086 	
0.760128 	1.31167e-08 	0.92 	0.04 	0.04 	0.00228319 	
ZONE T = "t = 0.0218417 [s]" I = 10 SOLUTIONTIME = 2.1841674090746E-02
0.000128 	1.38881e-08 	0.92 	0.04 	0.04 	0.00262216 	
0.0845724 	1.38881e-08 	0.92 	0.04 	0.04 	0.0025845 	
0.169017 	1.38881e-08 	0.92 	0.04 	0.04 	0.00254683 	
0.253461 	1.38881e-08 	0.92 	0.04 	0.04 	0.00250917 	
0.337906 	1.38881e-08 	0.92 	0.04 	0.04 	0.00247151 	
0.42235 	1.38881e-08 	0.92 	0.04 	0.04 	0.00243384 	
0.506795 	1.38881e-08 	0.92 	0.04 	0.04 	0.00239618 	
0.591239 	1.38881e-08 	0.92 	0.04 	0.04 	0.00235851 	
0.675684 	1.38881e-08 	0.92 	0.04 	0.04 	0.00232085 	
0.760128 	1.31167e-08 	0.92 	0.04 	0.04 	0.00228318 	
ZONE T = "t = 0.0327625 [s]" I = 10 SOLUTIONTIME = 3.2762496136119E-02
0.000128 	1.38881e-08 	0.92 	0.04 	0.04 	0.00262215 	
0.0845724 	1.38881e-08 	0.92 	0.04 	0.04 	0.00258448 	
0.169017 	1.38881e-08 	0.92 	0.04 	0.04 	0.00254682 	
0.253461 	1.38881e-08 	0.92 	0.04 	0.04 	0.00250915 	
0.337906 	1.38881e-08 	0.92 	0.04 	0.04 	0.00247149 	
0.42235 	1.38881e-08 	0.92 	0.04 	0.04 	0.00243382 	
0.506795 	1.38881e-08 	0.92 	0.04 	0.04 	0.00239616 	
0.591239 	1.38881e-08 	0.92 	0.04 	0.04 	0.00235849 	
0.675684 	1.38881e-08 	0.92 	0.04 	0.04 	0.00232083 	
0.760128 	1.31167e-08 	0.92 	0.04 	0.04 	0.00228316 	
ZONE T = "t = 0.0491437 [s]" I = 10 SOLUTIONTIME = 4.9143729204178E-02
0.000128 	1.38881e-08 	0.92 	0.04 	0.04 	0.00262212 	
0.0845724 	1.38881e-08 	0.92 	0.04 	0.04 	0.00258445 	
0.169017 	1.38881e-08 	0.92 	0.04 	0.04 	0.00254679 	
0.253461 	1.38881e-08 	0.92 	0.04 	0.04 	0.00250913 	
0.337906 	1.38881e-08 	0.92 	0.04 	0.04 	0.00247146 	
0.42235 	1.38881e-08 	0.92 	0.04 	0.04 	0.0024338 	
0.506795 	1.38881e-08 	0.92 	0.04 	0.04 	0.00239613 	
0.591239 	1.38881e-08 	0.92 	0.04 	0.04 	0.00235847 	
0.675684 	1.38881e-08 	0.92 	0.04 	0.04 	0.0023208 	
0.760128 	1.31167e-08 	0.92 	0.04 	0.04 	0.00228314 	
ZONE T = "t = 0.0737156 [s]" I = 10 SOLUTIONTIME = 7.3715578806267E-02
0.000128 	1.38881e-08 	0.92 	0.04 	0.04 	0.00262208 	
0.0845724 	1.38881e-08 	0.92 	0.04 	0.04 	0.00258441 	
0.169017 	1.38881e-08 	0.92 	0.04 	0.04 	0.00254675 	
0.253461 	1.38881e-08 	0.92 	0.04 	0.04 	0.00250909 	
0.337906 	1.38881e-08 	0.92 	0.04 	0.04 	0.00247142 	
0.42235 	1.38881e-08 	0.92 	0.04 	0.04 	0.00243376 	
0.506795 	1.38881e-08 	0.92 	0.04 	0.04 	0.00239609 	
0.591239 	1.38881e-08 	0.92 	0.04 	0.04 	0.00235843 	
0.675684 	1.38881e-08 	0.92 	0.04 	0.04 	0.00232076 	
0.760128 	1.31167e-08 	0.92 	0.04 	0.04 	0.0022831 	
ZONE T = "t = 0.110573 [s]" I = 10 SOLUTIONTIME = 1.1057335320940E-01
0.000128 	1.38881e-08 	0.92 	0.04 	0.04 	0.00262202 	
0.0845724 	1.38881e-08 	0.92 	0.04 	0.04 	0.00258436 	
0.169017 	1.38881e-08 	0.92 	0.04 	0.04 	0.00254669 	
0.253461 	1.38881e-08 	0.92 	0.04 	0.04 	0.00250903 	
0.337906 	1.38881e-08 	0.92 	0.04 	0.04 	0.00247136 	
0.42235 	1.38881e-08 	0.92 	0.04 	0.04 	0.0024337 	
0.506795 	1.38881e-08 	0.92 	0.04 	0.04 	0.00239603 	
0.591239 	1.38881e-08 	0.92 	0.04 	0.04 	0.00235837 	
0.675684 	1.38881e-08 	0.92 	0.04 	0.04 	0.0023207 	
0.760128 	1.31167e-08 	0.92 	0.04 	0.04 	0.00228304 	
ZONE T = "t = 0.16586 [s]" I = 10 SOLUTIONTIME = 1.6586001481410E-01
0.000128 	1.38881e-08 	0.92 	0.04 	0.04 	0.00262193 	
0.0845724 	1.38881e-08 	0.92 	0.04 	0.04 	0.00258427 	
0.169017 	1.38881e-08 	0.92 	0.04 	0.04 	0.00254661 	
0.253461 	1.38881e-08 	0.92 	0.04 	0.04 	0.00250894 	
0.337906 	1.38881e-08 	0.92 	0.04 	0.04 	0.00247128 	
0.42235 	1.38881e-08 	0.92 	0.04 	0.04 	0.00243361 	
0.506795 	1.38881e-08 	0.92 	0.04 	0.04 	0.00239595 	
0.591239 	1.38881e-08 	0.92 	0.04 	0.04 	0.00235828 	
0.675684 	1.38881e-08 	0.92 	0.04 	0.04 	0.00232062 	
0.760128 	1.31167e-08 	0.92 	0.04 	0.04 	0.00228295 	
ZONE T = "t = 0.24879 [s]" I = 10 SOLUTIONTIME = 2.4879000722115E-01
0.000128 	1.38881e-08 	0.92 	0.04 	0.04 	0.00262181 	
0.0845724 	1.38881e-08 	0.92 	0.04 	0.04 	0.00258414 	
0.169017 	1.38881e-08 	0.92 	0.04 	0.04 	0.00254648 	
0.253461 	1.38881e-08 	0.92 	0.04 	0.04 	0.00250882 	
0.337906 	1.38881e-08 	0.92 	0.04 	0.04 	0.00247115 	
0.42235 	1.38881e-08 	0.92 	0.04 	0.04 	0.00243349 	
0.506795 	1.38881e-08 	0.92 	0.04 	0.04 	0.00239582 	
0.591239 	1.38881e-08 	0.92 	0.04 	0.04 	0.00235816 	
0.675684 	1.38881e-08 	0.92 	0.04 	0.04 	0.00232049 	
0.760128 	1.31167e-08 	0.92 	0.04 	0.04 	0.00228283 	
ZONE T = "t = 0.373185 [s]" I = 10 SOLUTIONTIME = 3.7318499583173E-01
0.000128 	1.38881e-08 	0.92 	0.0400001 	0.0400001 	0.00262163 	
0.0845724 	1.38881e-08 	0.92 	0.04 	0.04 	0.00258396 	
0.169017 	1.38881e-08 	0.92 	0.04 	0.04 	0.0025463 	
0.253461 	1.38881e-08 	0.92 	0.04 	0.04 	0.00250863 	
0.337906 	1.38881e-08 	0.92 	0.04 	0.04 	0.00247097 	
0.42235 	1.38881e-08 	0.92 	0.04 	0.04 	0.00243331 	
0.506795 	1.38881e-08 	0.92 	0.04 	0.04 	0.00239564 	
0.591239 	1.38881e-08 	0.92 	0.04 	0.04 	0.00235798 	
0.675684 	1.38881e-08 	0.92 	0.04 	0.04 	0.00232031 	
0.760128 	1.31167e-08 	0.92 	0.0399999 	0.0399999 	0.00228265 	
ZONE T = "t = 0.559777 [s]" I = 10 SOLUTIONTIME = 5.5977747874759E-01
0.000128 	1.38881e-08 	0.92 	0.0400001 	0.0400001 	0.00262137 	
0.0845724 	1.38881e-08 	0.92 	0.04 	0.04 	0.00258371 	
0.169017 	1.38881e-08 	0.92 	0.04 	0.04 	0.00254604 	
0.253461 	1.38881e-08 	0.92 	0.04 	0.04 	0.00250838 	
0.337906 	1.38881e-08 	0.92 	0.04 	0.04 	0.00247071 	
0.42235 	1.38881e-08 	0.92 	0.04 	0.04 	0.00243305 	
0.506795 	1.38881e-08 	0.92 	0.04 	0.04 	0.00239538 	
0.591239 	1.38881e-08 	0.92 	0.04 	0.04 	0.00235772 	
0.675684 	1.38881e-08 	0.92 	0.04 	0.04 	0.00232006 	
0.760128 	1.31167e-08 	0.92 	0.0399999 	0.0399999 	0.00228239 	
ZONE T = "t = 0.839666 [s]" I = 10 SOLUTIONTIME = 8.3966620312138E-01
0.000128 	1.38881e-08 	0.92 	0.0400001 	0.0400001 	0.00262102 	
0.0845724 	1.38881e-08 	0.92 	0.04 	0.04 	0.00258335 	
0.169017 	1.38881e-08 	0.92 	0.04 	0.04 	0.00254569 	
0.253461 	1.38881e-08 	0.92 	0.04 	0.04 	0.00250802 	
0.337906 	1.38881e-08 	0.92 	0.04 	0.04 	0.00247036 	
0.42235 	1.38881e-08 	0.92 	0.04 	0.04 	0.0024327 	
0.506795 	1.38881e-08 	0.92 	0.04 	0.04 	0.00239503 	
0.591239 	1.38881e-08 	0.92 	0.04 	0.04 	0.00235737 	
0.675684 	1.38881e-08 	0.92 	0.04 	0.04 	0.0023197 	
0.760128 	1.31167e-08 	0.92 	0.0399999 	0.0399999 	0.00228204 	
ZONE T = "t = 1.2595 [s]" I = 10 SOLUTIONTIME = 1.2594992896821E+00
0.000128 	1.38881e-08 	0.92 	0.0400002 	0.0400002 	0.00262054 	
0.0845724 	1.38881e-08 	0.92 	0.04 	0.04 	0.00258288 	
0.169017 	1.38881e-08 	0.92 	0.04 	0.04 	0.00254522 	
0.253461 	1.38881e-08 	0.92 	0.04 	0.04 	0.00250755 	
0.337906 	1.38881e-08 	0.92 	0.04 	0.04 	0.00246989 	
0.42235 	1.38881e-08 	0.92 	0.04 	0.04 	0.00243222 	
0.506795 	1.38881e-08 	0.92 	0.04 	0.04 	0.00239456 	
0.591239 	1.38881e-08 	0.92 	0.04 	0.04 	0.00235689 	
0.675684 	1.38881e-08 	0.92 	0.04 	0.04 	0.00231923 	
0.760128 	1.31167e-08 	0.92 	0.0399998 	0.0399998 	0.00228156 	
ZONE T = "t = 1.88925 [s]" I = 10 SOLUTIONTIME = 1.8892489195231E+00
0.000128 	1.38881e-08 	0.919999 	0.0400003 	0.0400003 	0.00261993 	
0.0845724 	1.38881e-08 	0.92 	0.04 	0.04 	0.00258226 	
0.169017 	1.38881e-08 	0.92 	0.04 	0.04 	0.0025446 	
0.253461 	1.38881e-08 	0.92 	0.04 	0.04 	0.00250694 	
0.337906 	1.38881e-08 	0.92 	0.04 	0.04 	0.00246927 	
0.42235 	1.38881e-08 	0.92 	0.04 	0.04 	0.00243161 	
0.506795 	1.38881e-08 	0.92 	0.04 	0.04 	0.00239394 	
0.591239 	1.38881e-08 	0.92 	0.04 	0.04 	0.00235628 	
0.675684 	1.38881e-08 	0.92 	0.04 	0.04 	0.00231861 	
0.760128 	1.31167e-08 	0.920001 	0.0399997 	0.0399997 	0.00228095 	
ZONE T = "t = 2.83387 [s]" I = 10 SOLUTIONTIME = 2.8338733642847E+00
0.000128 	1.38881e-08 	0.919999 	0.0400004 	0.0400004 	0.00261915 	
0.0845724 	1.38881e-08 	0.92 	0.04 	0.04 	0.00258149 	
0.169017 	1.38881e-08 	0.92 	0.04 	0.04 	0.00254382 	
0.253461 	1.38881e-08 	0.92 	0.04 	0.04 	0.00250616 	
0.337906 	1.38881e-08 	0.92 	0.04 	0.04 	0.0024685 	
0.42235 	1.38881e-08 	0.92 	0.04 	0.04 	0.00243083 	
0.506795 	1.38881e-08 	0.92 	0.04 	0.04 	0.00239317 	
0.591239 	1.38881e-08 	0.92 	0.04 	0.04 	0.0023555 	
0.675684 	1.38881e-08 	0.92 	0.04 	0.04 	0.00231784 	
0.760128 	1.31167e-08 	0.920001 	0.0399996 	0.0399996 	0.00228017 	
ZONE T = "t = 4.25081 [s]" I = 10 SOLUTIONTIME = 4.2508100314270E+00
0.000128 	1.38881e-08 	0.919999 	0.0400006 	0.0400006 	0.00261818 	
0.0845724 	1.38881e-08 	0.92 	0.04 	0.04 	0.00258051 	
0.169017 	1.38881e-08 	0.92 	0.04 	0.04 	0.00254285 	
0.253461 	1.38881e-08 	0.92 	0.04 	0.04 	0.00250518 	
0.337906 	1.38881e-08 	0.92 	0.04 	0.04 	0.00246752 	
0.42235 	1.38881e-08 	0.92 	0.04 	0.04 	0.00242985 	
0.506795 	1.38881e-08 	0.92 	0.04 	0.04 	0.00239219 	
0.591239 	1.38881e-08 	0.92 	0.04 	0.04 	0.00235453 	
0.675684 	1.38881e-08 	0.92 	0.04 	0.04 	0.00231686 	
0.760128 	1.31167e-08 	0.920001 	0.0399994 	0.0399994 	0.0022792 	
ZONE T = "t = 6.37622 [s]" I = 10 SOLUTIONTIME = 6.3762150321405E+00
0.000128 	1.38881e-08 	0.919998 	0.040001 	0.040001 	0.00261691 	
0.0845724 	1.38881e-08 	0.92 	0.04 	0.04 	0.00257925 	
0.169017 	1.38881e-08 	0.92 	0.04 	0.04 	0.00254158 	
0.253461 	1.38881e-08 	0.92 	0.04 	0.04 	0.00250392 	
0.337906 	1.38881e-08 	0.92 	0.04 	0.04 	0.00246625 	
0.42235 	1.38881e-08 	0.92 	0.04 	0.04 	0.00242859 	
0.506795 	1.38881e-08 	0.92 	0.04 	0.04 	0.00239092 	
0.591239 	1.38881e-08 	0.92 	0.04 	0.04 	0.00235326 	
0.675684 	1.38881e-08 	0.92 	0.04 	0.04 	0.0023156 	
0.760128 	1.31167e-08 	0.920002 	0.039999 	0.039999 	0.00227793 	
ZONE T = "t = 9.56432 [s]" I = 10 SOLUTIONTIME = 9.5643225332107E+00
0.000128 	1.38881e-08 	0.919997 	0.0400014 	0.0400014 	0.00261518 	
0.0845724 	1.38881e-08 	0.92 	0.04 	0.04 	0.00257752 	
0.169017 	1.38881e-08 	0.92 	0.04 	0.04 	0.00253985 	
0.253461 	1.38881e-08 	0.92 	0.04 	0.04 	0.00250219 	
0.337906 	1.38881e-08 	0.92 	0.04 	0.04 	0.00246452 	
0.42235 	1.38881e-08 	0.92 	0.04 	0.04 	0.00242686 	
0.506795 	1.38881e-08 	0.92 	0.04 	0.04 	0.00238919 	
0.591239 	1.38881e-08 	0.92 	0.04 	0.04 	0.00235153 	
0.675684 	1.38881e-08 	0.92 	0.04 	0.04 	0.00231387 	
0.760128 	1.31167e-08 	0.920003 	0.0399986 	0.0399986 	0.0022762 	
ZONE T = "t = 14.3465 [s]" I = 10 SOLUTIONTIME = 1.4346483784816E+01
0.000128 	1.38881e-08 	0.919996 	0.0400021 	0.0400021 	0.0026127 	
0.0845724 	1.38881e-08 	0.92 	0.04 	0.04 	0.00257504 	
0.169017 	1.38881e-08 	0.92 	0.04 	0.04 	0.00253737 	
0.253461 	1.38881e-08 	0.92 	0.04 	0.04 	0.00249971 	
0.337906 	1.38881e-08 	0.92 	0.04 	0.04 	0.00246204 	
0.42235 	1.38881e-08 	0.92 	0.04 	0.04 	0.00242438 	
0.506795 	1.38881e-08 	0.92 	0.04 	0.04 	0.00238672 	
0.591239 	1.38881e-08 	0.92 	0.04 	0.04 	0.00234905 	
0.675684 	1.38881e-08 	0.92 	0.04 	0.04 	0.00231139 	
0.760128 	1.31167e-08 	0.920004 	0.0399979 	0.0399979 	0.00227372 	
ZONE T = "t = 21.5197 [s]" I = 10 SOLUTIONTIME = 2.1519725662224E+01
0.000128 	1.38881e-08 	0.919994 	0.0400031 	0.0400031 	0.00260907 	
0.0845724 	1.38881e-08 	0.92 	0.0400001 	0.0400001 	0.0025714 	
0.169017 	1.38881e-08 	0.92 	0.04 	0.04 	0.00253374 	
0.253461 	1.38881e-08 	0.92 	0.04 	0.04 	0.00249607 	
0.337906 	1.38881e-08 	0.92 	0.04 	0.04 	0.00245841 	
0.42235 	1.38881e-08 	0.92 	0.04 	0.04 	0.00242075 	
0.506795 	1.38881e-08 	0.92 	0.04 	0.04 	0.00238308 	
0.591239 	1.38881e-08 	0.92 	0.04 	0.04 	0.00234542 	
0.675684 	1.38881e-08 	0.92 	0.0399999 	0.0399999 	0.00230775 	
0.760128 	1.31167e-08 	0.920006 	0.0399969 	0.0399969 	0.00227009 	
ZONE T = "t = 32.2796 [s]" I = 10 SOLUTIONTIME = 3.2279588478336E+01
0.000128 	1.38881e-08 	0.919991 	0.0400046 	0.0400046 	0.0026037 	
0.0845724 	1.38881e-08 	0.92 	0.0400001 	0.0400001 	0.00256604 	
0.169017 	1.38881e-08 	0.92 	0.04 	0.04 	0.00252837 	
0.253461 	1.38881e-08 	0.92 	0.04 	0.04 	0.00249071 	
0.337906 	1.38881e-08 	0.92 	0.04 	0.04 	0.00245304 	
0.42235 	1.38881e-08 	0.92 	0.04 	0.04 	0.00241538 	
0.506795 	1.38881e-08 	0.92 	0.04 	0.04 	0.00237772 	
0.591239 	1.38881e-08 	0.92 	0.04 	0.04 	0.00234005 	
0.675684 	1.38881e-08 	0.92 	0.0399999 	0.0399999 	0.00230239 	
0.760128 	1.31167e-08 	0.920009 	0.0399954 	0.0399954 	0.00226472 	
ZONE T = "t = 48.4194 [s]" I = 10 SOLUTIONTIME = 4.8419382702504E+01
0.000128 	1.38881e-08 	0.919986 	0.0400068 	0.0400068 	0.00259577 	
0.0845724 	1.38881e-08 	0.919999 	0.0400003 	0.0400003 	0.00255811 	
0.169017 	1.38881e-08 	0.92 	0.04 	0.04 	0.00252044 	
0.253461 	1.38881e-08 	0.92 	0.04 	0.04 	0.00248278 	
0.337906 	1.38881e-08 	0.92 	0.04 	0.04 	0.00244511 	
0.42235 	1.38881e-08 	0.92 	0.04 	0.04 	0.00240745 	
0.506795 	1.38881e-08 	0.92 	0.04 	0.04 	0.00236978 	
0.591239 	1.38881e-08 	0.92 	0.04 	0.04 	0.00233212 	
0.675684 	1.38881e-08 	0.920001 	0.0399997 	0.0399997 	0.00229445 	
0.760128 	1.31167e-08 	0.920014 	0.0399932 	0.0399932 	0.00225679 	
ZONE T = "t = 72.6291 [s]" I = 10 SOLUTIONTIME = 7.2629074038757E+01
0.000128 	1.38881e-08 	0.91998 	0.0400098 	0.0400098 	0.00258406 	
0.0845724 	1.38881e-08 	0.919999 	0.0400006 	0.0400006 	0.0025464 	
0.169017 	1.38881e-08 	0.92 	0.04 	0.04 	0.00250873 	
0.253461 	1.38881e-08 	0.92 	0.04 	0.04 	0.00247107 	
0.337906 	1.38881e-08 	0.92 	0.04 	0.04 	0.00243341 	
0.42235 	1.38881e-08 	0.92 	0.04 	0.04 	0.00239574 	
0.506795 	1.38881e-08 	0.92 	0.04 	0.04 	0.00235808 	
0.591239 	1.38881e-08 	0.92 	0.04 	0.04 	0.00232041 	
0.675684 	1.38881e-08 	0.920001 	0.0399994 	0.0399994 	0.00228275 	
0.760128 	1.31167e-08 	0.92002 	0.0399902 	0.0399902 	0.00224508 	
ZONE T = "t = 97.6291 [s]" I = 10 SOLUTIONTIME = 9.7629074038757E+01
0.000128 	1.38881e-08 	0.919974 	0.0400128 	0.0400128 	0.00256871 	
0.0845724 	1.38881e-08 	0.919998 	0.0400009 	0.0400009 	0.00253105 	
0.169017 	1.38881e-08 	0.92 	0.0400001 	0.0400001 	0.00249339 	
0.253461 	1.38881e-08 	0.92 	0.04 	0.04 	0.00245572 	
0.337906 	1.38881e-08 	0.92 	0.04 	0.04 	0.00241806 	
0.42235 	1.38881e-08 	0.92 	0.04 	0.04 	0.00238039 	
0.506795 	1.38881e-08 	0.92 	0.04 	0.04 	0.00234273 	
0.591239 	1.38881e-08 	0.92 	0.0399999 	0.0399999 	0.00230507 	
0.675684 	1.38881e-08 	0.920002 	0.0399991 	0.0399991 	0.0022674 	
0.760128 	1.31167e-08 	0.920026 	0.0399872 	0.0399872 	0.00222973 	
ZONE T = "t = 122.629 [s]" I = 10 SOLUTIONTIME = 1.2262907403876E+02
0.000128 	1.38881e-08 	0.919969 	0.0400155 	0.0400155 	0.00255533 	
0.0845724 	1.38881e-08 	0.919997 	0.0400014 	0.0400014 	0.00251768 	
0.169017 	1.38881e-08 	0.92 	0.0400001 	0.0400001 	0.00248001 	
0.253461 	1.38881e-08 	0.92 	0.04 	0.04 	0.00244235 	
0.337906 	1.38881e-08 	0.92 	0.04 	0.04 	0.00240468 	
0.42235 	1.38881e-08 	0.92 	0.04 	0.04 	0.00236702 	
0.506795 	1.38881e-08 	0.92 	0.04 	0.04 	0.00232936 	
0.591239 	1.38881e-08 	0.92 	0.0399999 	0.0399999 	0.00229169 	
0.675684 	1.38881e-08 	0.920003 	0.0399986 	0.0399986 	0.00225403 	
0.760128 	1.31167e-08 	0.920031 	0.0399845 	0.0399845 	0.00221635 	
ZONE T = "t = 147.629 [s]" I = 10 SOLUTIONTIME = 1.4762907403876E+02
0.000128 	1.38881e-08 	0.919964 	0.0400182 	0.0400182 	0.00254257 	
0.0845724 	1.38881e-08 	0.919996 	0.0400019 	0.0400019 	0.00250492 	
0.169017 	1.38881e-08 	0.92 	0.0400002 	0.0400002 	0.00246726 	
0.253461 	1.38881e-08 	0.92 	0.04 	0.04 	0.00242959 	
0.337906 	1.38881e-08 	0.92 	0.04 	0.04 	0.00239193 	
