TITLE = "Solution on Domain BulkDomain1D_1"
VARIABLES = "x [m]"  
"Vel_axial(0)" 	"MF_sp(ECDMC)" 	"MF_sp(Li+)" 	"MF_sp(PF6-)" 	"Volt(Electroly)" 	
ZONE T = "t = 0 [s]" I = 10 SOLUTIONTIME = 0.0000000000000E+00
0.0007874 	0 	0.92 	0.04 	0.04 	-0.07 	
0.000841022 	0 	0.92 	0.04 	0.04 	-0.07 	
0.000894644 	0 	0.92 	0.04 	0.04 	-0.07 	
0.000948267 	0 	0.92 	0.04 	0.04 	-0.07 	
0.00100189 	0 	0.92 	0.04 	0.04 	-0.07 	
0.00105551 	0 	0.92 	0.04 	0.04 	-0.07 	
0.00110913 	0 	0.92 	0.04 	0.04 	-0.07 	
0.00116276 	0 	0.92 	0.04 	0.04 	-0.07 	
0.00121638 	0 	0.92 	0.04 	0.04 	-0.07 	
0.00127 	0 	0.92 	0.04 	0.04 	-0.07 	
ZONE T = "t = 1e-08 [s]" I = 10 SOLUTIONTIME = 1.0000000000000E-08
0.0007874 	2.94171e-08 	0.92 	0.04 	0.04 	0.0113416 	
0.000841022 	2.94171e-08 	0.92 	0.04 	0.04 	0.0113415 	
0.000894644 	2.94171e-08 	0.92 	0.04 	0.04 	0.0113414 	
0.000948267 	2.94171e-08 	0.92 	0.04 	0.04 	0.0113414 	
0.00100189 	2.94171e-08 	0.92 	0.04 	0.04 	0.0113413 	
0.00105551 	2.94171e-08 	0.92 	0.04 	0.04 	0.0113412 	
0.00110913 	2.94171e-08 	0.92 	0.04 	0.04 	0.0113412 	
0.00116276 	2.94171e-08 	0.92 	0.04 	0.04 	0.0113411 	
0.00121638 	2.94171e-08 	0.92 	0.04 	0.04 	0.011341 	
0.00127 	2.77842e-08 	0.92 	0.04 	0.04 	0.011341 	
ZONE T = "t = 2e-08 [s]" I = 10 SOLUTIONTIME = 2.0000000000000E-08
0.0007874 	2.08792e-08 	0.92 	0.04 	0.04 	0.0291559 	
0.000841022 	2.08792e-08 	0.92 	0.04 	0.04 	0.0291559 	
0.000894644 	2.08792e-08 	0.92 	0.04 	0.04 	0.0291558 	
0.000948267 	2.08792e-08 	0.92 	0.04 	0.04 	0.0291558 	
0.00100189 	2.08792e-08 	0.92 	0.04 	0.04 	0.0291557 	
0.00105551 	2.08792e-08 	0.92 	0.04 	0.04 	0.0291557 	
0.00110913 	2.08792e-08 	0.92 	0.04 	0.04 	0.0291556 	
0.00116276 	2.08792e-08 	0.92 	0.04 	0.04 	0.0291556 	
0.00121638 	2.08792e-08 	0.92 	0.04 	0.04 	0.0291555 	
0.00127 	1.97199e-08 	0.92 	0.04 	0.04 	0.0291555 	
ZONE T = "t = 3e-08 [s]" I = 10 SOLUTIONTIME = 3.0000000000000E-08
0.0007874 	2.08792e-08 	0.92 	0.04 	0.04 	0.029156 	
0.000841022 	2.08792e-08 	0.92 	0.04 	0.04 	0.029156 	
0.000894644 	2.08792e-08 	0.92 	0.04 	0.04 	0.0291559 	
0.000948267 	2.08792e-08 	0.92 	0.04 	0.04 	0.0291559 	
0.00100189 	2.08792e-08 	0.92 	0.04 	0.04 	0.0291558 	
0.00105551 	2.08792e-08 	0.92 	0.04 	0.04 	0.0291558 	
0.00110913 	2.08792e-08 	0.92 	0.04 	0.04 	0.0291557 	
0.00116276 	2.08792e-08 	0.92 	0.04 	0.04 	0.0291557 	
0.00121638 	2.08792e-08 	0.92 	0.04 	0.04 	0.0291556 	
0.00127 	1.97199e-08 	0.92 	0.04 	0.04 	0.0291556 	
ZONE T = "t = 4e-08 [s]" I = 10 SOLUTIONTIME = 4.0000000000000E-08
0.0007874 	2.0881e-08 	0.92 	0.04 	0.04 	0.029156 	
0.000841022 	2.0881e-08 	0.92 	0.04 	0.04 	0.0291559 	
0.000894644 	2.0881e-08 	0.92 	0.04 	0.04 	0.0291559 	
0.000948267 	2.0881e-08 	0.92 	0.04 	0.04 	0.0291558 	
0.00100189 	2.0881e-08 	0.92 	0.04 	0.04 	0.0291558 	
0.00105551 	2.0881e-08 	0.92 	0.04 	0.04 	0.0291557 	
0.00110913 	2.0881e-08 	0.92 	0.04 	0.04 	0.0291557 	
0.00116276 	2.0881e-08 	0.92 	0.04 	0.04 	0.0291556 	
0.00121638 	2.0881e-08 	0.92 	0.04 	0.04 	0.0291556 	
0.00127 	1.97216e-08 	0.92 	0.04 	0.04 	0.0291555 	
ZONE T = "t = 5.5e-08 [s]" I = 10 SOLUTIONTIME = 5.5000000000000E-08
0.0007874 	2.0881e-08 	0.92 	0.04 	0.04 	0.029156 	
0.000841022 	2.0881e-08 	0.92 	0.04 	0.04 	0.0291559 	
0.000894644 	2.0881e-08 	0.92 	0.04 	0.04 	0.0291559 	
0.000948267 	2.0881e-08 	0.92 	0.04 	0.04 	0.0291558 	
0.00100189 	2.0881e-08 	0.92 	0.04 	0.04 	0.0291558 	
0.00105551 	2.0881e-08 	0.92 	0.04 	0.04 	0.0291557 	
0.00110913 	2.0881e-08 	0.92 	0.04 	0.04 	0.0291557 	
0.00116276 	2.0881e-08 	0.92 	0.04 	0.04 	0.0291556 	
0.00121638 	2.0881e-08 	0.92 	0.04 	0.04 	0.0291556 	
0.00127 	1.97216e-08 	0.92 	0.04 	0.04 	0.0291555 	
ZONE T = "t = 7.75e-08 [s]" I = 10 SOLUTIONTIME = 7.7500000000000E-08
0.0007874 	2.0881e-08 	0.92 	0.04 	0.04 	0.029156 	
0.000841022 	2.0881e-08 	0.92 	0.04 	0.04 	0.0291559 	
0.000894644 	2.0881e-08 	0.92 	0.04 	0.04 	0.0291559 	
0.000948267 	2.0881e-08 	0.92 	0.04 	0.04 	0.0291558 	
0.00100189 	2.0881e-08 	0.92 	0.04 	0.04 	0.0291558 	
0.00105551 	2.0881e-08 	0.92 	0.04 	0.04 	0.0291557 	
0.00110913 	2.0881e-08 	0.92 	0.04 	0.04 	0.0291557 	
0.00116276 	2.0881e-08 	0.92 	0.04 	0.04 	0.0291556 	
0.00121638 	2.0881e-08 	0.92 	0.04 	0.04 	0.0291556 	
0.00127 	1.97216e-08 	0.92 	0.04 	0.04 	0.0291555 	
ZONE T = "t = 1.1125e-07 [s]" I = 10 SOLUTIONTIME = 1.1125000000000E-07
0.0007874 	2.0881e-08 	0.92 	0.04 	0.04 	0.029156 	
0.000841022 	2.0881e-08 	0.92 	0.04 	0.04 	0.0291559 	
0.000894644 	2.0881e-08 	0.92 	0.04 	0.04 	0.0291559 	
0.000948267 	2.0881e-08 	0.92 	0.04 	0.04 	0.0291558 	
0.00100189 	2.0881e-08 	0.92 	0.04 	0.04 	0.0291558 	
0.00105551 	2.0881e-08 	0.92 	0.04 	0.04 	0.0291557 	
0.00110913 	2.0881e-08 	0.92 	0.04 	0.04 	0.0291557 	
0.00116276 	2.0881e-08 	0.92 	0.04 	0.04 	0.0291556 	
0.00121638 	2.0881e-08 	0.92 	0.04 	0.04 	0.0291556 	
0.00127 	1.97216e-08 	0.92 	0.04 	0.04 	0.0291555 	
ZONE T = "t = 1.61875e-07 [s]" I = 10 SOLUTIONTIME = 1.6187500000000E-07
0.0007874 	2.0881e-08 	0.92 	0.04 	0.04 	0.029156 	
0.000841022 	2.0881e-08 	0.92 	0.04 	0.04 	0.0291559 	
0.000894644 	2.0881e-08 	0.92 	0.04 	0.04 	0.0291559 	
0.000948267 	2.0881e-08 	0.92 	0.04 	0.04 	0.0291558 	
0.00100189 	2.0881e-08 	0.92 	0.04 	0.04 	0.0291558 	
0.00105551 	2.0881e-08 	0.92 	0.04 	0.04 	0.0291557 	
0.00110913 	2.0881e-08 	0.92 	0.04 	0.04 	0.0291557 	
0.00116276 	2.0881e-08 	0.92 	0.04 	0.04 	0.0291556 	
0.00121638 	2.0881e-08 	0.92 	0.04 	0.04 	0.0291556 	
0.00127 	1.97216e-08 	0.92 	0.04 	0.04 	0.0291555 	
ZONE T = "t = 2.37813e-07 [s]" I = 10 SOLUTIONTIME = 2.3781250000000E-07
0.0007874 	2.0881e-08 	0.92 	0.04 	0.04 	0.029156 	
0.000841022 	2.0881e-08 	0.92 	0.04 	0.04 	0.0291559 	
0.000894644 	2.0881e-08 	0.92 	0.04 	0.04 	0.0291559 	
0.000948267 	2.0881e-08 	0.92 	0.04 	0.04 	0.0291558 	
0.00100189 	2.0881e-08 	0.92 	0.04 	0.04 	0.0291558 	
0.00105551 	2.0881e-08 	0.92 	0.04 	0.04 	0.0291557 	
0.00110913 	2.0881e-08 	0.92 	0.04 	0.04 	0.0291557 	
0.00116276 	2.0881e-08 	0.92 	0.04 	0.04 	0.0291556 	
0.00121638 	2.0881e-08 	0.92 	0.04 	0.04 	0.0291556 	
0.00127 	1.97216e-08 	0.92 	0.04 	0.04 	0.0291555 	
ZONE T = "t = 3.51719e-07 [s]" I = 10 SOLUTIONTIME = 3.5171875000000E-07
0.0007874 	2.0881e-08 	0.92 	0.04 	0.04 	0.029156 	
0.000841022 	2.0881e-08 	0.92 	0.04 	0.04 	0.0291559 	
0.000894644 	2.0881e-08 	0.92 	0.04 	0.04 	0.0291559 	
0.000948267 	2.0881e-08 	0.92 	0.04 	0.04 	0.0291558 	
0.00100189 	2.0881e-08 	0.92 	0.04 	0.04 	0.0291558 	
0.00105551 	2.0881e-08 	0.92 	0.04 	0.04 	0.0291557 	
0.00110913 	2.0881e-08 	0.92 	0.04 	0.04 	0.0291557 	
0.00116276 	2.0881e-08 	0.92 	0.04 	0.04 	0.0291556 	
0.00121638 	2.0881e-08 	0.92 	0.04 	0.04 	0.0291556 	
0.00127 	1.97216e-08 	0.92 	0.04 	0.04 	0.0291555 	
ZONE T = "t = 5.22578e-07 [s]" I = 10 SOLUTIONTIME = 5.2257812500000E-07
0.0007874 	2.0881e-08 	0.92 	0.04 	0.04 	0.029156 	
0.000841022 	2.0881e-08 	0.92 	0.04 	0.04 	0.0291559 	
0.000894644 	2.0881e-08 	0.92 	0.04 	0.04 	0.0291559 	
0.000948267 	2.0881e-08 	0.92 	0.04 	0.04 	0.0291558 	
0.00100189 	2.0881e-08 	0.92 	0.04 	0.04 	0.0291558 	
0.00105551 	2.0881e-08 	0.92 	0.04 	0.04 	0.0291557 	
0.00110913 	2.0881e-08 	0.92 	0.04 	0.04 	0.0291557 	
0.00116276 	2.0881e-08 	0.92 	0.04 	0.04 	0.0291556 	
0.00121638 	2.0881e-08 	0.92 	0.04 	0.04 	0.0291556 	
0.00127 	1.97216e-08 	0.92 	0.04 	0.04 	0.0291555 	
ZONE T = "t = 7.78867e-07 [s]" I = 10 SOLUTIONTIME = 7.7886718750000E-07
0.0007874 	2.0881e-08 	0.92 	0.04 	0.04 	0.029156 	
0.000841022 	2.0881e-08 	0.92 	0.04 	0.04 	0.0291559 	
0.000894644 	2.0881e-08 	0.92 	0.04 	0.04 	0.0291559 	
0.000948267 	2.0881e-08 	0.92 	0.04 	0.04 	0.0291558 	
0.00100189 	2.0881e-08 	0.92 	0.04 	0.04 	0.0291558 	
0.00105551 	2.0881e-08 	0.92 	0.04 	0.04 	0.0291557 	
0.00110913 	2.0881e-08 	0.92 	0.04 	0.04 	0.0291557 	
0.00116276 	2.0881e-08 	0.92 	0.04 	0.04 	0.0291556 	
0.00121638 	2.0881e-08 	0.92 	0.04 	0.04 	0.0291556 	
0.00127 	1.97216e-08 	0.92 	0.04 	0.04 	0.0291555 	
ZONE T = "t = 1.1633e-06 [s]" I = 10 SOLUTIONTIME = 1.1633007812500E-06
0.0007874 	2.0881e-08 	0.92 	0.04 	0.04 	0.029156 	
0.000841022 	2.0881e-08 	0.92 	0.04 	0.04 	0.0291559 	
0.000894644 	2.0881e-08 	0.92 	0.04 	0.04 	0.0291559 	
0.000948267 	2.0881e-08 	0.92 	0.04 	0.04 	0.0291558 	
0.00100189 	2.0881e-08 	0.92 	0.04 	0.04 	0.0291558 	
0.00105551 	2.0881e-08 	0.92 	0.04 	0.04 	0.0291557 	
0.00110913 	2.0881e-08 	0.92 	0.04 	0.04 	0.0291557 	
0.00116276 	2.0881e-08 	0.92 	0.04 	0.04 	0.0291556 	
0.00121638 	2.0881e-08 	0.92 	0.04 	0.04 	0.0291556 	
0.00127 	1.97216e-08 	0.92 	0.04 	0.04 	0.0291555 	
ZONE T = "t = 1.73995e-06 [s]" I = 10 SOLUTIONTIME = 1.7399511718750E-06
0.0007874 	2.0881e-08 	0.92 	0.04 	0.04 	0.029156 	
0.000841022 	2.0881e-08 	0.92 	0.04 	0.04 	0.0291559 	
0.000894644 	2.0881e-08 	0.92 	0.04 	0.04 	0.0291559 	
0.000948267 	2.0881e-08 	0.92 	0.04 	0.04 	0.0291558 	
0.00100189 	2.0881e-08 	0.92 	0.04 	0.04 	0.0291558 	
0.00105551 	2.0881e-08 	0.92 	0.04 	0.04 	0.0291557 	
0.00110913 	2.0881e-08 	0.92 	0.04 	0.04 	0.0291557 	
0.00116276 	2.0881e-08 	0.92 	0.04 	0.04 	0.0291556 	
0.00121638 	2.0881e-08 	0.92 	0.04 	0.04 	0.0291556 	
0.00127 	1.97216e-08 	0.92 	0.04 	0.04 	0.0291555 	
ZONE T = "t = 2.60493e-06 [s]" I = 10 SOLUTIONTIME = 2.6049267578125E-06
0.0007874 	2.0881e-08 	0.92 	0.04 	0.04 	0.029156 	
0.000841022 	2.0881e-08 	0.92 	0.04 	0.04 	0.0291559 	
0.000894644 	2.0881e-08 	0.92 	0.04 	0.04 	0.0291559 	
0.000948267 	2.0881e-08 	0.92 	0.04 	0.04 	0.0291558 	
0.00100189 	2.0881e-08 	0.92 	0.04 	0.04 	0.0291558 	
0.00105551 	2.0881e-08 	0.92 	0.04 	0.04 	0.0291557 	
0.00110913 	2.0881e-08 	0.92 	0.04 	0.04 	0.0291557 	
0.00116276 	2.0881e-08 	0.92 	0.04 	0.04 	0.0291556 	
0.00121638 	2.0881e-08 	0.92 	0.04 	0.04 	0.0291556 	
0.00127 	1.97216e-08 	0.92 	0.04 	0.04 	0.0291555 	
ZONE T = "t = 3.90239e-06 [s]" I = 10 SOLUTIONTIME = 3.9023901367188E-06
0.0007874 	2.0881e-08 	0.92 	0.04 	0.04 	0.029156 	
0.000841022 	2.0881e-08 	0.92 	0.04 	0.04 	0.0291559 	
0.000894644 	2.0881e-08 	0.92 	0.04 	0.04 	0.0291559 	
0.000948267 	2.0881e-08 	0.92 	0.04 	0.04 	0.0291558 	
0.00100189 	2.0881e-08 	0.92 	0.04 	0.04 	0.0291558 	
0.00105551 	2.0881e-08 	0.92 	0.04 	0.04 	0.0291557 	
0.00110913 	2.0881e-08 	0.92 	0.04 	0.04 	0.0291557 	
0.00116276 	2.0881e-08 	0.92 	0.04 	0.04 	0.0291556 	
0.00121638 	2.0881e-08 	0.92 	0.04 	0.04 	0.0291556 	
0.00127 	1.97216e-08 	0.92 	0.04 	0.04 	0.0291555 	
ZONE T = "t = 5.84859e-06 [s]" I = 10 SOLUTIONTIME = 5.8485852050781E-06
0.0007874 	2.0881e-08 	0.92 	0.04 	0.04 	0.029156 	
0.000841022 	2.0881e-08 	0.92 	0.04 	0.04 	0.0291559 	
0.000894644 	2.0881e-08 	0.92 	0.04 	0.04 	0.0291559 	
0.000948267 	2.0881e-08 	0.92 	0.04 	0.04 	0.0291558 	
0.00100189 	2.0881e-08 	0.92 	0.04 	0.04 	0.0291558 	
0.00105551 	2.0881e-08 	0.92 	0.04 	0.04 	0.0291557 	
0.00110913 	2.0881e-08 	0.92 	0.04 	0.04 	0.0291557 	
0.00116276 	2.0881e-08 	0.92 	0.04 	0.04 	0.0291556 	
0.00121638 	2.0881e-08 	0.92 	0.04 	0.04 	0.0291556 	
0.00127 	1.97216e-08 	0.92 	0.04 	0.04 	0.0291555 	
ZONE T = "t = 8.76788e-06 [s]" I = 10 SOLUTIONTIME = 8.7678778076172E-06
0.0007874 	2.0881e-08 	0.92 	0.04 	0.04 	0.029156 	
0.000841022 	2.0881e-08 	0.92 	0.04 	0.04 	0.0291559 	
0.000894644 	2.0881e-08 	0.92 	0.04 	0.04 	0.0291559 	
0.000948267 	2.0881e-08 	0.92 	0.04 	0.04 	0.0291558 	
0.00100189 	2.0881e-08 	0.92 	0.04 	0.04 	0.0291558 	
0.00105551 	2.0881e-08 	0.92 	0.04 	0.04 	0.0291557 	
0.00110913 	2.0881e-08 	0.92 	0.04 	0.04 	0.0291557 	
0.00116276 	2.0881e-08 	0.92 	0.04 	0.04 	0.0291556 	
0.00121638 	2.0881e-08 	0.92 	0.04 	0.04 	0.0291556 	
0.00127 	1.97216e-08 	0.92 	0.04 	0.04 	0.0291555 	
ZONE T = "t = 1.31468e-05 [s]" I = 10 SOLUTIONTIME = 1.3146816711426E-05
0.0007874 	2.0881e-08 	0.92 	0.04 	0.04 	0.029156 	
0.000841022 	2.0881e-08 	0.92 	0.04 	0.04 	0.0291559 	
0.000894644 	2.0881e-08 	0.92 	0.04 	0.04 	0.0291559 	
0.000948267 	2.0881e-08 	0.92 	0.04 	0.04 	0.0291558 	
0.00100189 	2.0881e-08 	0.92 	0.04 	0.04 	0.0291558 	
0.00105551 	2.0881e-08 	0.92 	0.04 	0.04 	0.0291557 	
0.00110913 	2.0881e-08 	0.92 	0.04 	0.04 	0.0291557 	
0.00116276 	2.0881e-08 	0.92 	0.04 	0.04 	0.0291556 	
0.00121638 	2.0881e-08 	0.92 	0.04 	0.04 	0.0291556 	
0.00127 	1.97216e-08 	0.92 	0.04 	0.04 	0.0291555 	
ZONE T = "t = 1.97152e-05 [s]" I = 10 SOLUTIONTIME = 1.9715225067139E-05
0.0007874 	2.0881e-08 	0.92 	0.04 	0.04 	0.029156 	
0.000841022 	2.0881e-08 	0.92 	0.04 	0.04 	0.0291559 	
0.000894644 	2.0881e-08 	0.92 	0.04 	0.04 	0.0291559 	
0.000948267 	2.0881e-08 	0.92 	0.04 	0.04 	0.0291558 	
0.00100189 	2.0881e-08 	0.92 	0.04 	0.04 	0.0291558 	
0.00105551 	2.0881e-08 	0.92 	0.04 	0.04 	0.0291557 	
0.00110913 	2.0881e-08 	0.92 	0.04 	0.04 	0.0291557 	
0.00116276 	2.0881e-08 	0.92 	0.04 	0.04 	0.0291556 	
0.00121638 	2.0881e-08 	0.92 	0.04 	0.04 	0.0291556 	
0.00127 	1.97216e-08 	0.92 	0.04 	0.04 	0.0291555 	
ZONE T = "t = 2.95678e-05 [s]" I = 10 SOLUTIONTIME = 2.9567837600708E-05
0.0007874 	2.0881e-08 	0.92 	0.04 	0.04 	0.029156 	
0.000841022 	2.0881e-08 	0.92 	0.04 	0.04 	0.0291559 	
0.000894644 	2.0881e-08 	0.92 	0.04 	0.04 	0.0291559 	
0.000948267 	2.0881e-08 	0.92 	0.04 	0.04 	0.0291558 	
0.00100189 	2.0881e-08 	0.92 	0.04 	0.04 	0.0291558 	
0.00105551 	2.0881e-08 	0.92 	0.04 	0.04 	0.0291557 	
0.00110913 	2.0881e-08 	0.92 	0.04 	0.04 	0.0291557 	
0.00116276 	2.0881e-08 	0.92 	0.04 	0.04 	0.0291556 	
0.00121638 	2.0881e-08 	0.92 	0.04 	0.04 	0.0291556 	
0.00127 	1.97216e-08 	0.92 	0.04 	0.04 	0.0291555 	
ZONE T = "t = 4.43468e-05 [s]" I = 10 SOLUTIONTIME = 4.4346756401062E-05
0.0007874 	2.0881e-08 	0.92 	0.04 	0.04 	0.029156 	
0.000841022 	2.0881e-08 	0.92 	0.04 	0.04 	0.0291559 	
0.000894644 	2.0881e-08 	0.92 	0.04 	0.04 	0.0291559 	
0.000948267 	2.0881e-08 	0.92 	0.04 	0.04 	0.0291558 	
0.00100189 	2.0881e-08 	0.92 	0.04 	0.04 	0.0291558 	
0.00105551 	2.0881e-08 	0.92 	0.04 	0.04 	0.0291557 	
0.00110913 	2.0881e-08 	0.92 	0.04 	0.04 	0.0291557 	
0.00116276 	2.0881e-08 	0.92 	0.04 	0.04 	0.0291556 	
0.00121638 	2.0881e-08 	0.92 	0.04 	0.04 	0.0291556 	
0.00127 	1.97216e-08 	0.92 	0.04 	0.04 	0.0291555 	
ZONE T = "t = 6.65151e-05 [s]" I = 10 SOLUTIONTIME = 6.6515134601593E-05
0.0007874 	2.0881e-08 	0.92 	0.04 	0.04 	0.029156 	
0.000841022 	2.0881e-08 	0.92 	0.04 	0.04 	0.0291559 	
0.000894644 	2.0881e-08 	0.92 	0.04 	0.04 	0.0291559 	
0.000948267 	2.0881e-08 	0.92 	0.04 	0.04 	0.0291558 	
0.00100189 	2.0881e-08 	0.92 	0.04 	0.04 	0.0291558 	
0.00105551 	2.0881e-08 	0.92 	0.04 	0.04 	0.0291557 	
0.00110913 	2.0881e-08 	0.92 	0.04 	0.04 	0.0291557 	
0.00116276 	2.0881e-08 	0.92 	0.04 	0.04 	0.0291556 	
0.00121638 	2.0881e-08 	0.92 	0.04 	0.04 	0.0291556 	
0.00127 	1.97216e-08 	0.92 	0.04 	0.04 	0.0291555 	
ZONE T = "t = 9.97677e-05 [s]" I = 10 SOLUTIONTIME = 9.9767701902390E-05
0.0007874 	2.0881e-08 	0.92 	0.04 	0.04 	0.029156 	
0.000841022 	2.0881e-08 	0.92 	0.04 	0.04 	0.0291559 	
0.000894644 	2.0881e-08 	0.92 	0.04 	0.04 	0.0291559 	
0.000948267 	2.0881e-08 	0.92 	0.04 	0.04 	0.0291558 	
0.00100189 	2.0881e-08 	0.92 	0.04 	0.04 	0.0291558 	
0.00105551 	2.0881e-08 	0.92 	0.04 	0.04 	0.0291557 	
0.00110913 	2.0881e-08 	0.92 	0.04 	0.04 	0.0291557 	
0.00116276 	2.0881e-08 	0.92 	0.04 	0.04 	0.0291556 	
0.00121638 	2.0881e-08 	0.92 	0.04 	0.04 	0.0291556 	
0.00127 	1.97216e-08 	0.92 	0.04 	0.04 	0.0291555 	
ZONE T = "t = 0.000149647 [s]" I = 10 SOLUTIONTIME = 1.4964655285358E-04
0.0007874 	2.0881e-08 	0.92 	0.04 	0.04 	0.029156 	
0.000841022 	2.0881e-08 	0.92 	0.04 	0.04 	0.0291559 	
0.000894644 	2.0881e-08 	0.92 	0.04 	0.04 	0.0291559 	
0.000948267 	2.0881e-08 	0.92 	0.04 	0.04 	0.0291558 	
0.00100189 	2.0881e-08 	0.92 	0.04 	0.04 	0.0291558 	
0.00105551 	2.0881e-08 	0.92 	0.04 	0.04 	0.0291557 	
0.00110913 	2.0881e-08 	0.92 	0.04 	0.04 	0.0291557 	
0.00116276 	2.0881e-08 	0.92 	0.04 	0.04 	0.0291556 	
0.00121638 	2.0881e-08 	0.92 	0.04 	0.04 	0.0291556 	
0.00127 	1.97216e-08 	0.92 	0.04 	0.04 	0.0291555 	
ZONE T = "t = 0.000224465 [s]" I = 10 SOLUTIONTIME = 2.2446482928038E-04
0.0007874 	2.0881e-08 	0.92 	0.04 	0.04 	0.029156 	
0.000841022 	2.0881e-08 	0.92 	0.04 	0.04 	0.0291559 	
0.000894644 	2.0881e-08 	0.92 	0.04 	0.04 	0.0291559 	
0.000948267 	2.0881e-08 	0.92 	0.04 	0.04 	0.0291558 	
0.00100189 	2.0881e-08 	0.92 	0.04 	0.04 	0.0291558 	
0.00105551 	2.0881e-08 	0.92 	0.04 	0.04 	0.0291557 	
0.00110913 	2.0881e-08 	0.92 	0.04 	0.04 	0.0291557 	
0.00116276 	2.0881e-08 	0.92 	0.04 	0.04 	0.0291556 	
0.00121638 	2.0881e-08 	0.92 	0.04 	0.04 	0.0291556 	
0.00127 	1.97216e-08 	0.92 	0.04 	0.04 	0.0291555 	
ZONE T = "t = 0.000336692 [s]" I = 10 SOLUTIONTIME = 3.3669224392056E-04
0.0007874 	2.0881e-08 	0.92 	0.04 	0.04 	0.029156 	
0.000841022 	2.0881e-08 	0.92 	0.04 	0.04 	0.0291559 	
0.000894644 	2.0881e-08 	0.92 	0.04 	0.04 	0.0291559 	
0.000948267 	2.0881e-08 	0.92 	0.04 	0.04 	0.0291558 	
0.00100189 	2.0881e-08 	0.92 	0.04 	0.04 	0.0291558 	
0.00105551 	2.0881e-08 	0.92 	0.04 	0.04 	0.0291557 	
0.00110913 	2.0881e-08 	0.92 	0.04 	0.04 	0.0291557 	
0.00116276 	2.0881e-08 	0.92 	0.04 	0.04 	0.0291556 	
0.00121638 	2.0881e-08 	0.92 	0.04 	0.04 	0.0291556 	
0.00127 	1.97216e-08 	0.92 	0.04 	0.04 	0.0291555 	
ZONE T = "t = 0.000505033 [s]" I = 10 SOLUTIONTIME = 5.0503336588085E-04
0.0007874 	2.0881e-08 	0.92 	0.04 	0.04 	0.029156 	
0.000841022 	2.0881e-08 	0.92 	0.04 	0.04 	0.0291559 	
0.000894644 	2.0881e-08 	0.92 	0.04 	0.04 	0.0291559 	
0.000948267 	2.0881e-08 	0.92 	0.04 	0.04 	0.0291558 	
0.00100189 	2.0881e-08 	0.92 	0.04 	0.04 	0.0291558 	
0.00105551 	2.0881e-08 	0.92 	0.04 	0.04 	0.0291557 	
0.00110913 	2.0881e-08 	0.92 	0.04 	0.04 	0.0291557 	
0.00116276 	2.0881e-08 	0.92 	0.04 	0.04 	0.0291556 	
0.00121638 	2.0881e-08 	0.92 	0.04 	0.04 	0.0291556 	
0.00127 	1.97216e-08 	0.92 	0.04 	0.04 	0.0291555 	
ZONE T = "t = 0.000757545 [s]" I = 10 SOLUTIONTIME = 7.5754504882127E-04
0.0007874 	2.0881e-08 	0.92 	0.04 	0.04 	0.029156 	
0.000841022 	2.0881e-08 	0.92 	0.04 	0.04 	0.0291559 	
0.000894644 	2.0881e-08 	0.92 	0.04 	0.04 	0.0291559 	
0.000948267 	2.0881e-08 	0.92 	0.04 	0.04 	0.0291558 	
0.00100189 	2.0881e-08 	0.92 	0.04 	0.04 	0.0291558 	
0.00105551 	2.0881e-08 	0.92 	0.04 	0.04 	0.0291557 	
0.00110913 	2.0881e-08 	0.92 	0.04 	0.04 	0.0291557 	
0.00116276 	2.0881e-08 	0.92 	0.04 	0.04 	0.0291556 	
0.00121638 	2.0881e-08 	0.92 	0.04 	0.04 	0.0291556 	
0.00127 	1.97216e-08 	0.92 	0.04 	0.04 	0.0291555 	
ZONE T = "t = 0.00113631 [s]" I = 10 SOLUTIONTIME = 1.1363125732319E-03
0.0007874 	2.0881e-08 	0.92 	0.04 	0.04 	0.029156 	
0.000841022 	2.0881e-08 	0.92 	0.04 	0.04 	0.0291559 	
0.000894644 	2.0881e-08 	0.92 	0.04 	0.04 	0.0291559 	
0.000948267 	2.0881e-08 	0.92 	0.04 	0.04 	0.0291558 	
0.00100189 	2.0881e-08 	0.92 	0.04 	0.04 	0.0291558 	
0.00105551 	2.0881e-08 	0.92 	0.04 	0.04 	0.0291557 	
0.00110913 	2.0881e-08 	0.92 	0.04 	0.04 	0.0291557 	
0.00116276 	2.0881e-08 	0.92 	0.04 	0.04 	0.0291556 	
0.00121638 	2.0881e-08 	0.92 	0.04 	0.04 	0.0291556 	
0.00127 	1.97216e-08 	0.92 	0.04 	0.04 	0.0291555 	
ZONE T = "t = 0.00170446 [s]" I = 10 SOLUTIONTIME = 1.7044638598479E-03
0.0007874 	2.0881e-08 	0.92 	0.04 	0.04 	0.0291559 	
0.000841022 	2.0881e-08 	0.92 	0.04 	0.04 	0.0291559 	
0.000894644 	2.0881e-08 	0.92 	0.04 	0.04 	0.0291558 	
0.000948267 	2.0881e-08 	0.92 	0.04 	0.04 	0.0291558 	
0.00100189 	2.0881e-08 	0.92 	0.04 	0.04 	0.0291557 	
0.00105551 	2.0881e-08 	0.92 	0.04 	0.04 	0.0291557 	
0.00110913 	2.0881e-08 	0.92 	0.04 	0.04 	0.0291557 	
0.00116276 	2.0881e-08 	0.92 	0.04 	0.04 	0.0291556 	
0.00121638 	2.0881e-08 	0.92 	0.04 	0.04 	0.0291556 	
0.00127 	1.97216e-08 	0.92 	0.04 	0.04 	0.0291555 	
ZONE T = "t = 0.00255669 [s]" I = 10 SOLUTIONTIME = 2.5566907897718E-03
0.0007874 	2.08809e-08 	0.92 	0.04 	0.04 	0.0291559 	
0.000841022 	2.08809e-08 	0.92 	0.04 	0.04 	0.0291559 	
0.000894644 	2.08809e-08 	0.92 	0.04 	0.04 	0.0291558 	
0.000948267 	2.08809e-08 	0.92 	0.04 	0.04 	0.0291558 	
0.00100189 	2.08809e-08 	0.92 	0.04 	0.04 	0.0291557 	
0.00105551 	2.08809e-08 	0.92 	0.04 	0.04 	0.0291557 	
0.00110913 	2.08809e-08 	0.92 	0.04 	0.04 	0.0291556 	
0.00116276 	2.08809e-08 	0.92 	0.04 	0.04 	0.0291556 	
0.00121638 	2.08809e-08 	0.92 	0.04 	0.04 	0.0291555 	
0.00127 	1.97216e-08 	0.92 	0.04 	0.04 	0.0291555 	
ZONE T = "t = 0.00383503 [s]" I = 10 SOLUTIONTIME = 3.8350311846577E-03
0.0007874 	2.08809e-08 	0.92 	0.04 	0.04 	0.0291559 	
0.000841022 	2.08809e-08 	0.92 	0.04 	0.04 	0.0291559 	
0.000894644 	2.08809e-08 	0.92 	0.04 	0.04 	0.0291558 	
0.000948267 	2.08809e-08 	0.92 	0.04 	0.04 	0.0291558 	
0.00100189 	2.08809e-08 	0.92 	0.04 	0.04 	0.0291557 	
0.00105551 	2.08809e-08 	0.92 	0.04 	0.04 	0.0291557 	
0.00110913 	2.08809e-08 	0.92 	0.04 	0.04 	0.0291556 	
0.00116276 	2.08809e-08 	0.92 	0.04 	0.04 	0.0291556 	
0.00121638 	2.08809e-08 	0.92 	0.04 	0.04 	0.0291555 	
0.00127 	1.97215e-08 	0.92 	0.04 	0.04 	0.0291555 	
ZONE T = "t = 0.00575254 [s]" I = 10 SOLUTIONTIME = 5.7525417769865E-03
0.0007874 	2.08809e-08 	0.92 	0.04 	0.04 	0.0291559 	
0.000841022 	2.08809e-08 	0.92 	0.04 	0.04 	0.0291558 	
0.000894644 	2.08809e-08 	0.92 	0.04 	0.04 	0.0291558 	
0.000948267 	2.08809e-08 	0.92 	0.04 	0.04 	0.0291557 	
0.00100189 	2.08809e-08 	0.92 	0.04 	0.04 	0.0291557 	
0.00105551 	2.08809e-08 	0.92 	0.04 	0.04 	0.0291556 	
0.00110913 	2.08809e-08 	0.92 	0.04 	0.04 	0.0291556 	
0.00116276 	2.08809e-08 	0.92 	0.04 	0.04 	0.0291555 	
0.00121638 	2.08809e-08 	0.92 	0.04 	0.04 	0.0291555 	
0.00127 	1.97215e-08 	0.92 	0.0399999 	0.0399999 	0.0291554 	
ZONE T = "t = 0.00862881 [s]" I = 10 SOLUTIONTIME = 8.6288076654798E-03
0.0007874 	2.08808e-08 	0.92 	0.0400001 	0.0400001 	0.0291558 	
0.000841022 	2.08808e-08 	0.92 	0.04 	0.04 	0.0291558 	
0.000894644 	2.08808e-08 	0.92 	0.04 	0.04 	0.0291557 	
0.000948267 	2.08808e-08 	0.92 	0.04 	0.04 	0.0291557 	
0.00100189 	2.08808e-08 	0.92 	0.04 	0.04 	0.0291556 	
0.00105551 	2.08808e-08 	0.92 	0.04 	0.04 	0.0291556 	
0.00110913 	2.08808e-08 	0.92 	0.04 	0.04 	0.0291555 	
0.00116276 	2.08808e-08 	0.92 	0.04 	0.04 	0.0291555 	
0.00121638 	2.08808e-08 	0.92 	0.0399999 	0.0399999 	0.0291554 	
0.00127 	1.97214e-08 	0.92 	0.0399999 	0.0399999 	0.0291554 	
ZONE T = "t = 0.0129432 [s]" I = 10 SOLUTIONTIME = 1.2943206498220E-02
0.0007874 	2.08807e-08 	0.92 	0.0400001 	0.0400001 	0.0291557 	
0.000841022 	2.08807e-08 	0.92 	0.0400001 	0.0400001 	0.0291557 	
0.000894644 	2.08807e-08 	0.92 	0.04 	0.04 	0.0291556 	
0.000948267 	2.08807e-08 	0.92 	0.04 	0.04 	0.0291556 	
0.00100189 	2.08807e-08 	0.92 	0.04 	0.04 	0.0291555 	
0.00105551 	2.08807e-08 	0.92 	0.04 	0.04 	0.0291555 	
0.00110913 	2.08807e-08 	0.92 	0.04 	0.04 	0.0291554 	
0.00116276 	2.08807e-08 	0.92 	0.0399999 	0.0399999 	0.0291554 	
0.00121638 	2.08807e-08 	0.92 	0.0399999 	0.0399999 	0.0291553 	
0.00127 	1.97213e-08 	0.92 	0.0399999 	0.0399999 	0.0291553 	
ZONE T = "t = 0.0194148 [s]" I = 10 SOLUTIONTIME = 1.9414804747330E-02
0.0007874 	2.08806e-08 	0.92 	0.0400001 	0.0400001 	0.0291556 	
0.000841022 	2.08806e-08 	0.92 	0.0400001 	0.0400001 	0.0291556 	
0.000894644 	2.08806e-08 	0.92 	0.04 	0.04 	0.0291555 	
0.000948267 	2.08806e-08 	0.92 	0.04 	0.04 	0.0291555 	
0.00100189 	2.08806e-08 	0.92 	0.04 	0.04 	0.0291554 	
0.00105551 	2.08806e-08 	0.92 	0.04 	0.04 	0.0291554 	
0.00110913 	2.08806e-08 	0.92 	0.0399999 	0.0399999 	0.0291553 	
0.00116276 	2.08806e-08 	0.92 	0.0399999 	0.0399999 	0.0291553 	
0.00121638 	2.08806e-08 	0.92 	0.0399999 	0.0399999 	0.0291552 	
0.00127 	1.97212e-08 	0.92 	0.0399998 	0.0399998 	0.0291552 	
ZONE T = "t = 0.0291222 [s]" I = 10 SOLUTIONTIME = 2.9122202120994E-02
0.0007874 	2.08804e-08 	0.92 	0.0400001 	0.0400001 	0.0291554 	
0.000841022 	2.08804e-08 	0.92 	0.0400001 	0.0400001 	0.0291554 	
0.000894644 	2.08804e-08 	0.92 	0.04 	0.04 	0.0291553 	
0.000948267 	2.08804e-08 	0.92 	0.04 	0.04 	0.0291553 	
0.00100189 	2.08804e-08 	0.92 	0.04 	0.04 	0.0291553 	
0.00105551 	2.08804e-08 	0.92 	0.0399999 	0.0399999 	0.0291552 	
0.00110913 	2.08804e-08 	0.92 	0.0399999 	0.0399999 	0.0291552 	
0.00116276 	2.08804e-08 	0.92 	0.0399999 	0.0399999 	0.0291551 	
0.00121638 	2.08804e-08 	0.92 	0.0399998 	0.0399998 	0.0291551 	
0.00127 	1.9721e-08 	0.92 	0.0399998 	0.0399998 	0.029155 	
ZONE T = "t = 0.0436833 [s]" I = 10 SOLUTIONTIME = 4.3683298181491E-02
0.0007874 	2.08802e-08 	0.92 	0.0400001 	0.0400001 	0.0291552 	
0.000841022 	2.08802e-08 	0.92 	0.0400001 	0.0400001 	0.0291551 	
0.000894644 	2.08802e-08 	0.92 	0.04 	0.04 	0.0291551 	
0.000948267 	2.08802e-08 	0.92 	0.04 	0.04 	0.029155 	
0.00100189 	2.08802e-08 	0.92 	0.0399999 	0.0399999 	0.029155 	
0.00105551 	2.08802e-08 	0.92 	0.0399999 	0.0399999 	0.029155 	
0.00110913 	2.08802e-08 	0.92 	0.0399999 	0.0399999 	0.0291549 	
0.00116276 	2.08802e-08 	0.92 	0.0399998 	0.0399998 	0.0291549 	
0.00121638 	2.08802e-08 	0.92 	0.0399998 	0.0399998 	0.0291548 	
0.00127 	1.97208e-08 	0.920001 	0.0399997 	0.0399997 	0.0291548 	
ZONE T = "t = 0.0655249 [s]" I = 10 SOLUTIONTIME = 6.5524942272237E-02
0.0007874 	2.08798e-08 	0.92 	0.0400001 	0.0400001 	0.0291548 	
0.000841022 	2.08798e-08 	0.92 	0.0400001 	0.0400001 	0.0291548 	
0.000894644 	2.08798e-08 	0.92 	0.04 	0.04 	0.0291547 	
0.000948267 	2.08798e-08 	0.92 	0.04 	0.04 	0.0291547 	
0.00100189 	2.08798e-08 	0.92 	0.0399999 	0.0399999 	0.0291546 	
0.00105551 	2.08798e-08 	0.92 	0.0399999 	0.0399999 	0.0291546 	
0.00110913 	2.08798e-08 	0.92 	0.0399998 	0.0399998 	0.0291545 	
0.00116276 	2.08798e-08 	0.92 	0.0399998 	0.0399998 	0.0291545 	
0.00121638 	2.08798e-08 	0.920001 	0.0399997 	0.0399997 	0.0291544 	
0.00127 	1.97205e-08 	0.920001 	0.0399996 	0.0399996 	0.0291544 	
ZONE T = "t = 0.0982874 [s]" I = 10 SOLUTIONTIME = 9.8287408408356E-02
0.0007874 	2.08794e-08 	0.92 	0.0400001 	0.0400001 	0.0291543 	
0.000841022 	2.08794e-08 	0.92 	0.0400001 	0.0400001 	0.0291543 	
0.000894644 	2.08794e-08 	0.92 	0.04 	0.04 	0.0291542 	
0.000948267 	2.08794e-08 	0.92 	0.04 	0.04 	0.0291542 	
0.00100189 	2.08794e-08 	0.92 	0.0399999 	0.0399999 	0.0291541 	
0.00105551 	2.08794e-08 	0.92 	0.0399998 	0.0399998 	0.0291541 	
0.00110913 	2.08794e-08 	0.92 	0.0399998 	0.0399998 	0.029154 	
0.00116276 	2.08794e-08 	0.920001 	0.0399997 	0.0399997 	0.029154 	
0.00121638 	2.08794e-08 	0.920001 	0.0399996 	0.0399996 	0.0291539 	
0.00127 	1.97201e-08 	0.920001 	0.0399996 	0.0399996 	0.0291539 	
ZONE T = "t = 0.147431 [s]" I = 10 SOLUTIONTIME = 1.4743110761253E-01
0.0007874 	2.08789e-08 	0.92 	0.0400001 	0.0400001 	0.0291536 	
0.000841022 	2.08789e-08 	0.92 	0.0400001 	0.0400001 	0.0291536 	
0.000894644 	2.08789e-08 	0.92 	0.04 	0.04 	0.0291535 	
0.000948267 	2.08789e-08 	0.92 	0.0399999 	0.0399999 	0.0291535 	
0.00100189 	2.08789e-08 	0.92 	0.0399999 	0.0399999 	0.0291534 	
0.00105551 	2.08789e-08 	0.92 	0.0399998 	0.0399998 	0.0291534 	
0.00110913 	2.08789e-08 	0.920001 	0.0399997 	0.0399997 	0.0291533 	
0.00116276 	2.08789e-08 	0.920001 	0.0399997 	0.0399997 	0.0291533 	
0.00121638 	2.08789e-08 	0.920001 	0.0399996 	0.0399996 	0.0291532 	
0.00127 	1.97196e-08 	0.920001 	0.0399995 	0.0399995 	0.0291532 	
ZONE T = "t = 0.221147 [s]" I = 10 SOLUTIONTIME = 2.2114665641880E-01
0.0007874 	2.08782e-08 	0.92 	0.0400001 	0.0400001 	0.0291527 	
0.000841022 	2.08782e-08 	0.92 	0.0400001 	0.0400001 	0.0291527 	
0.000894644 	2.08782e-08 	0.92 	0.04 	0.04 	0.0291526 	
0.000948267 	2.08782e-08 	0.92 	0.0399999 	0.0399999 	0.0291526 	
0.00100189 	2.08782e-08 	0.92 	0.0399999 	0.0399999 	0.0291525 	
0.00105551 	2.08782e-08 	0.92 	0.0399998 	0.0399998 	0.0291525 	
0.00110913 	2.08782e-08 	0.920001 	0.0399997 	0.0399997 	0.0291524 	
0.00116276 	2.08782e-08 	0.920001 	0.0399997 	0.0399997 	0.0291524 	
0.00121638 	2.08782e-08 	0.920001 	0.0399996 	0.0399996 	0.0291523 	
0.00127 	1.97189e-08 	0.920001 	0.0399995 	0.0399995 	0.0291523 	
ZONE T = "t = 0.33172 [s]" I = 10 SOLUTIONTIME = 3.3171997962820E-01
0.0007874 	2.08773e-08 	0.92 	0.0400001 	0.0400001 	0.0291515 	
0.000841022 	2.08773e-08 	0.92 	0.0400001 	0.0400001 	0.0291514 	
0.000894644 	2.08773e-08 	0.92 	0.04 	0.04 	0.0291514 	
0.000948267 	2.08773e-08 	0.92 	0.0399999 	0.0399999 	0.0291513 	
0.00100189 	2.08773e-08 	0.92 	0.0399999 	0.0399999 	0.0291513 	
0.00105551 	2.08773e-08 	0.92 	0.0399998 	0.0399998 	0.0291512 	
0.00110913 	2.08773e-08 	0.920001 	0.0399997 	0.0399997 	0.0291512 	
0.00116276 	2.08773e-08 	0.920001 	0.0399997 	0.0399997 	0.0291511 	
0.00121638 	2.08773e-08 	0.920001 	0.0399996 	0.0399996 	0.0291511 	
0.00127 	1.97181e-08 	0.920001 	0.0399995 	0.0399995 	0.029151 	
ZONE T = "t = 0.49758 [s]" I = 10 SOLUTIONTIME = 4.9757996444230E-01
0.0007874 	2.0876e-08 	0.92 	0.0400001 	0.0400001 	0.02915 	
0.000841022 	2.0876e-08 	0.92 	0.0400001 	0.0400001 	0.0291499 	
0.000894644 	2.0876e-08 	0.92 	0.04 	0.04 	0.0291499 	
0.000948267 	2.0876e-08 	0.92 	0.0399999 	0.0399999 	0.0291498 	
0.00100189 	2.0876e-08 	0.92 	0.0399999 	0.0399999 	0.0291498 	
0.00105551 	2.0876e-08 	0.92 	0.0399998 	0.0399998 	0.0291497 	
0.00110913 	2.0876e-08 	0.920001 	0.0399997 	0.0399997 	0.0291497 	
0.00116276 	2.0876e-08 	0.920001 	0.0399996 	0.0399996 	0.0291496 	
0.00121638 	2.0876e-08 	0.920001 	0.0399996 	0.0399996 	0.0291496 	
0.00127 	1.97169e-08 	0.920001 	0.0399995 	0.0399995 	0.0291495 	
ZONE T = "t = 0.74637 [s]" I = 10 SOLUTIONTIME = 7.4636994166345E-01
0.0007874 	2.08744e-08 	0.92 	0.0400001 	0.0400001 	0.0291481 	
0.000841022 	2.08744e-08 	0.92 	0.0400001 	0.0400001 	0.029148 	
0.000894644 	2.08744e-08 	0.92 	0.04 	0.04 	0.029148 	
0.000948267 	2.08744e-08 	0.92 	0.0399999 	0.0399999 	0.029148 	
0.00100189 	2.08744e-08 	0.92 	0.0399999 	0.0399999 	0.0291479 	
0.00105551 	2.08744e-08 	0.92 	0.0399998 	0.0399998 	0.0291479 	
0.00110913 	2.08744e-08 	0.920001 	0.0399997 	0.0399997 	0.0291478 	
0.00116276 	2.08744e-08 	0.920001 	0.0399996 	0.0399996 	0.0291478 	
0.00121638 	2.08744e-08 	0.920001 	0.0399996 	0.0399996 	0.0291477 	
0.00127 	1.97154e-08 	0.920001 	0.0399995 	0.0399995 	0.0291477 	
ZONE T = "t = 1.11955 [s]" I = 10 SOLUTIONTIME = 1.1195549074952E+00
0.0007874 	2.08722e-08 	0.92 	0.0400001 	0.0400001 	0.0291459 	
0.000841022 	2.08722e-08 	0.92 	0.0400001 	0.0400001 	0.0291459 	
0.000894644 	2.08722e-08 	0.92 	0.04 	0.04 	0.0291458 	
0.000948267 	2.08722e-08 	0.92 	0.0399999 	0.0399999 	0.0291458 	
0.00100189 	2.08722e-08 	0.92 	0.0399999 	0.0399999 	0.0291457 	
0.00105551 	2.08722e-08 	0.92 	0.0399998 	0.0399998 	0.0291457 	
0.00110913 	2.08722e-08 	0.920001 	0.0399997 	0.0399997 	0.0291456 	
0.00116276 	2.08722e-08 	0.920001 	0.0399996 	0.0399996 	0.0291456 	
0.00121638 	2.08722e-08 	0.920001 	0.0399996 	0.0399996 	0.0291455 	
0.00127 	1.97133e-08 	0.920001 	0.0399995 	0.0399995 	0.0291455 	
ZONE T = "t = 1.67933 [s]" I = 10 SOLUTIONTIME = 1.6793323562428E+00
0.0007874 	2.08691e-08 	0.92 	0.0400001 	0.0400001 	0.0291433 	
0.000841022 	2.08691e-08 	0.92 	0.0400001 	0.0400001 	0.0291432 	
0.000894644 	2.08691e-08 	0.92 	0.04 	0.04 	0.0291432 	
0.000948267 	2.08691e-08 	0.92 	0.0399999 	0.0399999 	0.0291431 	
0.00100189 	2.08691e-08 	0.92 	0.0399999 	0.0399999 	0.0291431 	
0.00105551 	2.08691e-08 	0.92 	0.0399998 	0.0399998 	0.029143 	
0.00110913 	2.08691e-08 	0.920001 	0.0399997 	0.0399997 	0.029143 	
0.00116276 	2.08691e-08 	0.920001 	0.0399996 	0.0399996 	0.0291429 	
0.00121638 	2.08691e-08 	0.920001 	0.0399996 	0.0399996 	0.0291429 	
0.00127 	1.97104e-08 	0.920001 	0.0399995 	0.0399995 	0.0291429 	
ZONE T = "t = 2.519 [s]" I = 10 SOLUTIONTIME = 2.5189985293641E+00
0.0007874 	2.08648e-08 	0.92 	0.0400001 	0.0400001 	0.0291399 	
0.000841022 	2.08648e-08 	0.92 	0.0400001 	0.0400001 	0.0291399 	
0.000894644 	2.08648e-08 	0.92 	0.04 	0.04 	0.0291398 	
0.000948267 	2.08648e-08 	0.92 	0.0399999 	0.0399999 	0.0291398 	
0.00100189 	2.08648e-08 	0.92 	0.0399999 	0.0399999 	0.0291397 	
0.00105551 	2.08648e-08 	0.92 	0.0399998 	0.0399998 	0.0291397 	
0.00110913 	2.08648e-08 	0.920001 	0.0399997 	0.0399997 	0.0291396 	
0.00116276 	2.08648e-08 	0.920001 	0.0399996 	0.0399996 	0.0291396 	
0.00121638 	2.08648e-08 	0.920001 	0.0399996 	0.0399996 	0.0291395 	
0.00127 	1.97063e-08 	0.920001 	0.0399995 	0.0399995 	0.0291395 	
ZONE T = "t = 3.7785 [s]" I = 10 SOLUTIONTIME = 3.7784977890462E+00
0.0007874 	2.08584e-08 	0.92 	0.0400001 	0.0400001 	0.0291353 	
0.000841022 	2.08584e-08 	0.92 	0.0400001 	0.0400001 	0.0291353 	
0.000894644 	2.08584e-08 	0.92 	0.04 	0.04 	0.0291352 	
0.000948267 	2.08584e-08 	0.92 	0.0399999 	0.0399999 	0.0291352 	
0.00100189 	2.08584e-08 	0.92 	0.0399999 	0.0399999 	0.0291351 	
0.00105551 	2.08584e-08 	0.92 	0.0399998 	0.0399998 	0.0291351 	
0.00110913 	2.08584e-08 	0.920001 	0.0399997 	0.0399997 	0.029135 	
0.00116276 	2.08584e-08 	0.920001 	0.0399996 	0.0399996 	0.029135 	
0.00121638 	2.08584e-08 	0.920001 	0.0399996 	0.0399996 	0.0291349 	
0.00127 	1.97003e-08 	0.920001 	0.0399995 	0.0399995 	0.0291349 	
ZONE T = "t = 5.66775 [s]" I = 10 SOLUTIONTIME = 5.6677466785693E+00
0.0007874 	2.0849e-08 	0.92 	0.0400001 	0.0400001 	0.0291286 	
0.000841022 	2.0849e-08 	0.92 	0.0400001 	0.0400001 	0.0291286 	
0.000894644 	2.0849e-08 	0.92 	0.04 	0.04 	0.0291285 	
0.000948267 	2.0849e-08 	0.92 	0.0399999 	0.0399999 	0.0291285 	
0.00100189 	2.0849e-08 	0.92 	0.0399999 	0.0399999 	0.0291284 	
0.00105551 	2.0849e-08 	0.92 	0.0399998 	0.0399998 	0.0291284 	
0.00110913 	2.0849e-08 	0.920001 	0.0399997 	0.0399997 	0.0291283 	
0.00116276 	2.0849e-08 	0.920001 	0.0399996 	0.0399996 	0.0291283 	
0.00121638 	2.0849e-08 	0.920001 	0.0399996 	0.0399996 	0.0291282 	
0.00127 	1.96914e-08 	0.920001 	0.0399995 	0.0399995 	0.0291282 	
ZONE T = "t = 8.50162 [s]" I = 10 SOLUTIONTIME = 8.5016200128540E+00
0.0007874 	2.0835e-08 	0.92 	0.0400001 	0.0400001 	0.0291188 	
0.000841022 	2.0835e-08 	0.92 	0.0400001 	0.0400001 	0.0291187 	
0.000894644 	2.0835e-08 	0.92 	0.04 	0.04 	0.0291187 	
0.000948267 	2.0835e-08 	0.92 	0.0399999 	0.0399999 	0.0291186 	
0.00100189 	2.0835e-08 	0.92 	0.0399999 	0.0399999 	0.0291186 	
0.00105551 	2.0835e-08 	0.92 	0.0399998 	0.0399998 	0.0291185 	
0.00110913 	2.0835e-08 	0.920001 	0.0399997 	0.0399997 	0.0291185 	
0.00116276 	2.0835e-08 	0.920001 	0.0399996 	0.0399996 	0.0291184 	
0.00121638 	2.0835e-08 	0.920001 	0.0399996 	0.0399996 	0.0291184 	
0.00127 	1.96781e-08 	0.920001 	0.0399995 	0.0399995 	0.0291183 	
ZONE T = "t = 12.7524 [s]" I = 10 SOLUTIONTIME = 1.2752430014281E+01
0.0007874 	2.0814e-08 	0.92 	0.0400001 	0.0400001 	0.0291041 	
0.000841022 	2.0814e-08 	0.92 	0.0400001 	0.0400001 	0.0291041 	
0.000894644 	2.0814e-08 	0.92 	0.04 	0.04 	0.029104 	
0.000948267 	2.0814e-08 	0.92 	0.0399999 	0.0399999 	0.029104 	
0.00100189 	2.0814e-08 	0.92 	0.0399999 	0.0399999 	0.0291039 	
0.00105551 	2.0814e-08 	0.92 	0.0399998 	0.0399998 	0.0291039 	
0.00110913 	2.0814e-08 	0.920001 	0.0399997 	0.0399997 	0.0291039 	
0.00116276 	2.0814e-08 	0.920001 	0.0399996 	0.0399996 	0.0291038 	
0.00121638 	2.0814e-08 	0.920001 	0.0399996 	0.0399996 	0.0291038 	
0.00127 	1.96583e-08 	0.920001 	0.0399995 	0.0399995 	0.0291037 	
ZONE T = "t = 19.1286 [s]" I = 10 SOLUTIONTIME = 1.9128645016421E+01
0.0007874 	2.07827e-08 	0.92 	0.0400001 	0.0400001 	0.0290823 	
0.000841022 	2.07827e-08 	0.92 	0.0400001 	0.0400001 	0.0290823 	
0.000894644 	2.07827e-08 	0.92 	0.04 	0.04 	0.0290822 	
0.000948267 	2.07827e-08 	0.92 	0.0399999 	0.0399999 	0.0290822 	
0.00100189 	2.07827e-08 	0.92 	0.0399999 	0.0399999 	0.0290821 	
0.00105551 	2.07827e-08 	0.92 	0.0399998 	0.0399998 	0.0290821 	
0.00110913 	2.07827e-08 	0.920001 	0.0399997 	0.0399997 	0.029082 	
0.00116276 	2.07827e-08 	0.920001 	0.0399996 	0.0399996 	0.029082 	
0.00121638 	2.07827e-08 	0.920001 	0.0399996 	0.0399996 	0.0290819 	
0.00127 	1.96288e-08 	0.920001 	0.0399995 	0.0399995 	0.0290819 	
ZONE T = "t = 28.693 [s]" I = 10 SOLUTIONTIME = 2.8692967519632E+01
0.0007874 	2.07359e-08 	0.92 	0.0400001 	0.0400001 	0.0290497 	
0.000841022 	2.07359e-08 	0.92 	0.0400001 	0.0400001 	0.0290497 	
0.000894644 	2.07359e-08 	0.92 	0.04 	0.04 	0.0290496 	
0.000948267 	2.07359e-08 	0.92 	0.0399999 	0.0399999 	0.0290496 	
0.00100189 	2.07359e-08 	0.92 	0.0399999 	0.0399999 	0.0290495 	
0.00105551 	2.07359e-08 	0.92 	0.0399998 	0.0399998 	0.0290495 	
0.00110913 	2.07359e-08 	0.920001 	0.0399997 	0.0399997 	0.0290494 	
0.00116276 	2.07359e-08 	0.920001 	0.0399997 	0.0399997 	0.0290494 	
0.00121638 	2.07359e-08 	0.920001 	0.0399996 	0.0399996 	0.0290493 	
0.00127 	1.95846e-08 	0.920001 	0.0399995 	0.0399995 	0.0290493 	
ZONE T = "t = 43.0395 [s]" I = 10 SOLUTIONTIME = 4.3039451274448E+01
0.0007874 	2.06661e-08 	0.92 	0.0400001 	0.0400001 	0.029001 	
0.000841022 	2.06661e-08 	0.92 	0.0400001 	0.0400001 	0.0290009 	
0.000894644 	2.06661e-08 	0.92 	0.04 	0.04 	0.0290009 	
0.000948267 	2.06661e-08 	0.92 	0.0399999 	0.0399999 	0.0290008 	
0.00100189 	2.06661e-08 	0.92 	0.0399999 	0.0399999 	0.0290008 	
0.00105551 	2.06661e-08 	0.92 	0.0399998 	0.0399998 	0.0290007 	
0.00110913 	2.06661e-08 	0.920001 	0.0399997 	0.0399997 	0.0290007 	
0.00116276 	2.06661e-08 	0.920001 	0.0399997 	0.0399997 	0.0290006 	
0.00121638 	2.06661e-08 	0.920001 	0.0399996 	0.0399996 	0.0290006 	
0.00127 	1.95187e-08 	0.920001 	0.0399995 	0.0399995 	0.0290005 	
ZONE T = "t = 64.5592 [s]" I = 10 SOLUTIONTIME = 6.4559176906673E+01
0.0007874 	2.05624e-08 	0.92 	0.0400001 	0.0400001 	0.0289282 	
0.000841022 	2.05624e-08 	0.92 	0.0400001 	0.0400001 	0.0289282 	
0.000894644 	2.05624e-08 	0.92 	0.04 	0.04 	0.0289281 	
0.000948267 	2.05624e-08 	0.92 	0.0399999 	0.0399999 	0.0289281 	
0.00100189 	2.05624e-08 	0.92 	0.0399999 	0.0399999 	0.028928 	
0.00105551 	2.05624e-08 	0.92 	0.0399998 	0.0399998 	0.028928 	
0.00110913 	2.05624e-08 	0.920001 	0.0399997 	0.0399997 	0.0289279 	
0.00116276 	2.05624e-08 	0.920001 	0.0399997 	0.0399997 	0.0289279 	
0.00121638 	2.05624e-08 	0.920001 	0.0399996 	0.0399996 	0.0289278 	
0.00127 	1.94207e-08 	0.920001 	0.0399995 	0.0399995 	0.0289278 	
ZONE T = "t = 96.8388 [s]" I = 10 SOLUTIONTIME = 9.6838765355009E+01
0.0007874 	2.04088e-08 	0.92 	0.0400001 	0.0400001 	0.0288198 	
0.000841022 	2.04088e-08 	0.92 	0.0400001 	0.0400001 	0.0288198 	
0.000894644 	2.04088e-08 	0.92 	0.04 	0.04 	0.0288197 	
0.000948267 	2.04088e-08 	0.92 	0.0399999 	0.0399999 	0.0288197 	
0.00100189 	2.04088e-08 	0.92 	0.0399999 	0.0399999 	0.0288196 	
0.00105551 	2.04088e-08 	0.92 	0.0399998 	0.0399998 	0.0288196 	
0.00110913 	2.04088e-08 	0.920001 	0.0399997 	0.0399997 	0.0288195 	
0.00116276 	2.04088e-08 	0.920001 	0.0399997 	0.0399997 	0.0288195 	
0.00121638 	2.04088e-08 	0.920001 	0.0399996 	0.0399996 	0.0288194 	
0.00127 	1.92756e-08 	0.920001 	0.0399995 	0.0399995 	0.0288194 	
ZONE T = "t = 145.258 [s]" I = 10 SOLUTIONTIME = 1.4525814802751E+02
0.0007874 	2.01827e-08 	0.92 	0.0400001 	0.0400001 	0.028659 	
0.000841022 	2.01827e-08 	0.92 	0.0400001 	0.0400001 	0.0286589 	
0.000894644 	2.01827e-08 	0.92 	0.04 	0.04 	0.0286589 	
0.000948267 	2.01827e-08 	0.92 	0.0399999 	0.0399999 	0.0286588 	
0.00100189 	2.01827e-08 	0.92 	0.0399999 	0.0399999 	0.0286588 	
0.00105551 	2.01827e-08 	0.92 	0.0399998 	0.0399998 	0.0286587 	
0.00110913 	2.01827e-08 	0.920001 	0.0399997 	0.0399997 	0.0286587 	
0.00116276 	2.01827e-08 	0.920001 	0.0399997 	0.0399997 	0.0286586 	
0.00121638 	2.01827e-08 	0.920001 	0.0399996 	0.0399996 	0.0286586 	
0.00127 	1.9062e-08 	0.920001 	0.0399995 	0.0399995 	0.0286585 	
ZONE T = "t = 217.887 [s]" I = 10 SOLUTIONTIME = 2.1788722203627E+02
0.0007874 	1.98532e-08 	0.92 	0.0400001 	0.0400001 	0.0284214 	
0.000841022 	1.98532e-08 	0.92 	0.0400001 	0.0400001 	0.0284214 	
0.000894644 	1.98532e-08 	0.92 	0.04 	0.04 	0.0284213 	
0.000948267 	1.98532e-08 	0.92 	0.0399999 	0.0399999 	0.0284213 	
0.00100189 	1.98532e-08 	0.92 	0.0399999 	0.0399999 	0.0284212 	
0.00105551 	1.98532e-08 	0.92 	0.0399998 	0.0399998 	0.0284212 	
0.00110913 	1.98532e-08 	0.920001 	0.0399997 	0.0399997 	0.0284212 	
0.00116276 	1.98532e-08 	0.920001 	0.0399997 	0.0399997 	0.0284211 	
0.00121638 	1.98532e-08 	0.920001 	0.0399996 	0.0399996 	0.0284211 	
0.00127 	1.87508e-08 	0.920001 	0.0399995 	0.0399995 	0.028421 	
