TITLE = "Solution on Domain BulkDomain1D_1"
VARIABLES = "x [m]"  
"Vel_axial(0)" 	"MF_sp(ECDMC)" 	"MF_sp(Li+)" 	"MF_sp(PF6-)" 	"Volt(Electroly)" 	
ZONE T = "t = 0 [s]" I = 10 SOLUTIONTIME = 0.0000000000000E+00
0.0007874 	0 	0.92 	0.04 	0.04 	-0.07 	
0.000841022 	0 	0.92 	0.04 	0.04 	-0.07 	
0.000894644 	0 	0.92 	0.04 	0.04 	-0.07 	
0.000948267 	0 	0.92 	0.04 	0.04 	-0.07 	
0.00100189 	0 	0.92 	0.04 	0.04 	-0.07 	
0.00105551 	0 	0.92 	0.04 	0.04 	-0.07 	
0.00110913 	0 	0.92 	0.04 	0.04 	-0.07 	
0.00116276 	0 	0.92 	0.04 	0.04 	-0.07 	
0.00121638 	0 	0.92 	0.04 	0.04 	-0.07 	
0.00127 	0 	0.92 	0.04 	0.04 	-0.07 	
ZONE T = "t = 1e-08 [s]" I = 10 SOLUTIONTIME = 1.0000000000000E-08
0.0007874 	2.94171e-08 	0.92 	0.04 	0.04 	0.0113416 	
0.000841022 	2.94171e-08 	0.92 	0.04 	0.04 	0.0113415 	
0.000894644 	2.94171e-08 	0.92 	0.04 	0.04 	0.0113414 	
0.000948267 	2.94171e-08 	0.92 	0.04 	0.04 	0.0113414 	
0.00100189 	2.94171e-08 	0.92 	0.04 	0.04 	0.0113413 	
0.00105551 	2.94171e-08 	0.92 	0.04 	0.04 	0.0113412 	
0.00110913 	2.94171e-08 	0.92 	0.04 	0.04 	0.0113412 	
0.00116276 	2.94171e-08 	0.92 	0.04 	0.04 	0.0113411 	
0.00121638 	2.94171e-08 	0.92 	0.04 	0.04 	0.011341 	
0.00127 	2.77842e-08 	0.92 	0.04 	0.04 	0.011341 	
ZONE T = "t = 2e-08 [s]" I = 10 SOLUTIONTIME = 2.0000000000000E-08
0.0007874 	2.08792e-08 	0.92 	0.04 	0.04 	0.0291559 	
0.000841022 	2.08792e-08 	0.92 	0.04 	0.04 	0.0291559 	
0.000894644 	2.08792e-08 	0.92 	0.04 	0.04 	0.0291558 	
0.000948267 	2.08792e-08 	0.92 	0.04 	0.04 	0.0291558 	
0.00100189 	2.08792e-08 	0.92 	0.04 	0.04 	0.0291557 	
0.00105551 	2.08792e-08 	0.92 	0.04 	0.04 	0.0291557 	
0.00110913 	2.08792e-08 	0.92 	0.04 	0.04 	0.0291556 	
0.00116276 	2.08792e-08 	0.92 	0.04 	0.04 	0.0291556 	
0.00121638 	2.08792e-08 	0.92 	0.04 	0.04 	0.0291555 	
0.00127 	1.97199e-08 	0.92 	0.04 	0.04 	0.0291555 	
ZONE T = "t = 3e-08 [s]" I = 10 SOLUTIONTIME = 3.0000000000000E-08
0.0007874 	2.08792e-08 	0.92 	0.04 	0.04 	0.029156 	
0.000841022 	2.08792e-08 	0.92 	0.04 	0.04 	0.029156 	
0.000894644 	2.08792e-08 	0.92 	0.04 	0.04 	0.0291559 	
0.000948267 	2.08792e-08 	0.92 	0.04 	0.04 	0.0291559 	
0.00100189 	2.08792e-08 	0.92 	0.04 	0.04 	0.0291558 	
0.00105551 	2.08792e-08 	0.92 	0.04 	0.04 	0.0291558 	
0.00110913 	2.08792e-08 	0.92 	0.04 	0.04 	0.0291557 	
0.00116276 	2.08792e-08 	0.92 	0.04 	0.04 	0.0291557 	
0.00121638 	2.08792e-08 	0.92 	0.04 	0.04 	0.0291556 	
0.00127 	1.97199e-08 	0.92 	0.04 	0.04 	0.0291556 	
ZONE T = "t = 4e-08 [s]" I = 10 SOLUTIONTIME = 4.0000000000000E-08
0.0007874 	2.0881e-08 	0.92 	0.04 	0.04 	0.029156 	
0.000841022 	2.0881e-08 	0.92 	0.04 	0.04 	0.0291559 	
0.000894644 	2.0881e-08 	0.92 	0.04 	0.04 	0.0291559 	
0.000948267 	2.0881e-08 	0.92 	0.04 	0.04 	0.0291558 	
0.00100189 	2.0881e-08 	0.92 	0.04 	0.04 	0.0291558 	
0.00105551 	2.0881e-08 	0.92 	0.04 	0.04 	0.0291557 	
0.00110913 	2.0881e-08 	0.92 	0.04 	0.04 	0.0291557 	
0.00116276 	2.0881e-08 	0.92 	0.04 	0.04 	0.0291556 	
0.00121638 	2.0881e-08 	0.92 	0.04 	0.04 	0.0291556 	
0.00127 	1.97216e-08 	0.92 	0.04 	0.04 	0.0291555 	
ZONE T = "t = 5.5e-08 [s]" I = 10 SOLUTIONTIME = 5.5000000000000E-08
0.0007874 	2.0881e-08 	0.92 	0.04 	0.04 	0.029156 	
0.000841022 	2.0881e-08 	0.92 	0.04 	0.04 	0.0291559 	
0.000894644 	2.0881e-08 	0.92 	0.04 	0.04 	0.0291559 	
0.000948267 	2.0881e-08 	0.92 	0.04 	0.04 	0.0291558 	
0.00100189 	2.0881e-08 	0.92 	0.04 	0.04 	0.0291558 	
0.00105551 	2.0881e-08 	0.92 	0.04 	0.04 	0.0291557 	
0.00110913 	2.0881e-08 	0.92 	0.04 	0.04 	0.0291557 	
0.00116276 	2.0881e-08 	0.92 	0.04 	0.04 	0.0291556 	
0.00121638 	2.0881e-08 	0.92 	0.04 	0.04 	0.0291556 	
0.00127 	1.97216e-08 	0.92 	0.04 	0.04 	0.0291555 	
ZONE T = "t = 7.75e-08 [s]" I = 10 SOLUTIONTIME = 7.7500000000000E-08
0.0007874 	2.0881e-08 	0.92 	0.04 	0.04 	0.029156 	
0.000841022 	2.0881e-08 	0.92 	0.04 	0.04 	0.0291559 	
0.000894644 	2.0881e-08 	0.92 	0.04 	0.04 	0.0291559 	
0.000948267 	2.0881e-08 	0.92 	0.04 	0.04 	0.0291558 	
0.00100189 	2.0881e-08 	0.92 	0.04 	0.04 	0.0291558 	
0.00105551 	2.0881e-08 	0.92 	0.04 	0.04 	0.0291557 	
0.00110913 	2.0881e-08 	0.92 	0.04 	0.04 	0.0291557 	
0.00116276 	2.0881e-08 	0.92 	0.04 	0.04 	0.0291556 	
0.00121638 	2.0881e-08 	0.92 	0.04 	0.04 	0.0291556 	
0.00127 	1.97216e-08 	0.92 	0.04 	0.04 	0.0291555 	
ZONE T = "t = 1.1125e-07 [s]" I = 10 SOLUTIONTIME = 1.1125000000000E-07
0.0007874 	2.0881e-08 	0.92 	0.04 	0.04 	0.029156 	
0.000841022 	2.0881e-08 	0.92 	0.04 	0.04 	0.0291559 	
0.000894644 	2.0881e-08 	0.92 	0.04 	0.04 	0.0291559 	
0.000948267 	2.0881e-08 	0.92 	0.04 	0.04 	0.0291558 	
0.00100189 	2.0881e-08 	0.92 	0.04 	0.04 	0.0291558 	
0.00105551 	2.0881e-08 	0.92 	0.04 	0.04 	0.0291557 	
0.00110913 	2.0881e-08 	0.92 	0.04 	0.04 	0.0291557 	
0.00116276 	2.0881e-08 	0.92 	0.04 	0.04 	0.0291556 	
0.00121638 	2.0881e-08 	0.92 	0.04 	0.04 	0.0291556 	
0.00127 	1.97216e-08 	0.92 	0.04 	0.04 	0.0291555 	
ZONE T = "t = 1.61875e-07 [s]" I = 10 SOLUTIONTIME = 1.6187500000000E-07
0.0007874 	2.0881e-08 	0.92 	0.04 	0.04 	0.029156 	
0.000841022 	2.0881e-08 	0.92 	0.04 	0.04 	0.0291559 	
0.000894644 	2.0881e-08 	0.92 	0.04 	0.04 	0.0291559 	
0.000948267 	2.0881e-08 	0.92 	0.04 	0.04 	0.0291558 	
0.00100189 	2.0881e-08 	0.92 	0.04 	0.04 	0.0291558 	
0.00105551 	2.0881e-08 	0.92 	0.04 	0.04 	0.0291557 	
0.00110913 	2.0881e-08 	0.92 	0.04 	0.04 	0.0291557 	
0.00116276 	2.0881e-08 	0.92 	0.04 	0.04 	0.0291556 	
0.00121638 	2.0881e-08 	0.92 	0.04 	0.04 	0.0291556 	
0.00127 	1.97216e-08 	0.92 	0.04 	0.04 	0.0291555 	
ZONE T = "t = 2.37813e-07 [s]" I = 10 SOLUTIONTIME = 2.3781250000000E-07
0.0007874 	2.0881e-08 	0.92 	0.04 	0.04 	0.029156 	
0.000841022 	2.0881e-08 	0.92 	0.04 	0.04 	0.0291559 	
0.000894644 	2.0881e-08 	0.92 	0.04 	0.04 	0.0291559 	
0.000948267 	2.0881e-08 	0.92 	0.04 	0.04 	0.0291558 	
0.00100189 	2.0881e-08 	0.92 	0.04 	0.04 	0.0291558 	
0.00105551 	2.0881e-08 	0.92 	0.04 	0.04 	0.0291557 	
0.00110913 	2.0881e-08 	0.92 	0.04 	0.04 	0.0291557 	
0.00116276 	2.0881e-08 	0.92 	0.04 	0.04 	0.0291556 	
0.00121638 	2.0881e-08 	0.92 	0.04 	0.04 	0.0291556 	
0.00127 	1.97216e-08 	0.92 	0.04 	0.04 	0.0291555 	
ZONE T = "t = 3.51719e-07 [s]" I = 10 SOLUTIONTIME = 3.5171875000000E-07
0.0007874 	2.0881e-08 	0.92 	0.04 	0.04 	0.029156 	
0.000841022 	2.0881e-08 	0.92 	0.04 	0.04 	0.0291559 	
0.000894644 	2.0881e-08 	0.92 	0.04 	0.04 	0.0291559 	
0.000948267 	2.0881e-08 	0.92 	0.04 	0.04 	0.0291558 	
0.00100189 	2.0881e-08 	0.92 	0.04 	0.04 	0.0291558 	
0.00105551 	2.0881e-08 	0.92 	0.04 	0.04 	0.0291557 	
0.00110913 	2.0881e-08 	0.92 	0.04 	0.04 	0.0291557 	
0.00116276 	2.0881e-08 	0.92 	0.04 	0.04 	0.0291556 	
0.00121638 	2.0881e-08 	0.92 	0.04 	0.04 	0.0291556 	
0.00127 	1.97216e-08 	0.92 	0.04 	0.04 	0.0291555 	
ZONE T = "t = 5.22578e-07 [s]" I = 10 SOLUTIONTIME = 5.2257812500000E-07
0.0007874 	2.0881e-08 	0.92 	0.04 	0.04 	0.029156 	
0.000841022 	2.0881e-08 	0.92 	0.04 	0.04 	0.0291559 	
0.000894644 	2.0881e-08 	0.92 	0.04 	0.04 	0.0291559 	
0.000948267 	2.0881e-08 	0.92 	0.04 	0.04 	0.0291558 	
0.00100189 	2.0881e-08 	0.92 	0.04 	0.04 	0.0291558 	
0.00105551 	2.0881e-08 	0.92 	0.04 	0.04 	0.0291557 	
0.00110913 	2.0881e-08 	0.92 	0.04 	0.04 	0.0291557 	
0.00116276 	2.0881e-08 	0.92 	0.04 	0.04 	0.0291556 	
0.00121638 	2.0881e-08 	0.92 	0.04 	0.04 	0.0291556 	
0.00127 	1.97216e-08 	0.92 	0.04 	0.04 	0.0291555 	
ZONE T = "t = 7.78867e-07 [s]" I = 10 SOLUTIONTIME = 7.7886718750000E-07
0.0007874 	2.0881e-08 	0.92 	0.04 	0.04 	0.029156 	
0.000841022 	2.0881e-08 	0.92 	0.04 	0.04 	0.0291559 	
0.000894644 	2.0881e-08 	0.92 	0.04 	0.04 	0.0291559 	
0.000948267 	2.0881e-08 	0.92 	0.04 	0.04 	0.0291558 	
0.00100189 	2.0881e-08 	0.92 	0.04 	0.04 	0.0291558 	
0.00105551 	2.0881e-08 	0.92 	0.04 	0.04 	0.0291557 	
0.00110913 	2.0881e-08 	0.92 	0.04 	0.04 	0.0291557 	
0.00116276 	2.0881e-08 	0.92 	0.04 	0.04 	0.0291556 	
0.00121638 	2.0881e-08 	0.92 	0.04 	0.04 	0.0291556 	
0.00127 	1.97216e-08 	0.92 	0.04 	0.04 	0.0291555 	
ZONE T = "t = 1.1633e-06 [s]" I = 10 SOLUTIONTIME = 1.1633007812500E-06
0.0007874 	2.0881e-08 	0.92 	0.04 	0.04 	0.029156 	
0.000841022 	2.0881e-08 	0.92 	0.04 	0.04 	0.0291559 	
0.000894644 	2.0881e-08 	0.92 	0.04 	0.04 	0.0291559 	
0.000948267 	2.0881e-08 	0.92 	0.04 	0.04 	0.0291558 	
0.00100189 	2.0881e-08 	0.92 	0.04 	0.04 	0.0291558 	
0.00105551 	2.0881e-08 	0.92 	0.04 	0.04 	0.0291557 	
0.00110913 	2.0881e-08 	0.92 	0.04 	0.04 	0.0291557 	
0.00116276 	2.0881e-08 	0.92 	0.04 	0.04 	0.0291556 	
0.00121638 	2.0881e-08 	0.92 	0.04 	0.04 	0.0291556 	
0.00127 	1.97216e-08 	0.92 	0.04 	0.04 	0.0291555 	
ZONE T = "t = 1.73995e-06 [s]" I = 10 SOLUTIONTIME = 1.7399511718750E-06
0.0007874 	2.0881e-08 	0.92 	0.04 	0.04 	0.029156 	
0.000841022 	2.0881e-08 	0.92 	0.04 	0.04 	0.0291559 	
0.000894644 	2.0881e-08 	0.92 	0.04 	0.04 	0.0291559 	
0.000948267 	2.0881e-08 	0.92 	0.04 	0.04 	0.0291558 	
0.00100189 	2.0881e-08 	0.92 	0.04 	0.04 	0.0291558 	
0.00105551 	2.0881e-08 	0.92 	0.04 	0.04 	0.0291557 	
0.00110913 	2.0881e-08 	0.92 	0.04 	0.04 	0.0291557 	
0.00116276 	2.0881e-08 	0.92 	0.04 	0.04 	0.0291556 	
0.00121638 	2.0881e-08 	0.92 	0.04 	0.04 	0.0291556 	
0.00127 	1.97216e-08 	0.92 	0.04 	0.04 	0.0291555 	
ZONE T = "t = 2.60493e-06 [s]" I = 10 SOLUTIONTIME = 2.6049267578125E-06
0.0007874 	2.0881e-08 	0.92 	0.04 	0.04 	0.029156 	
0.000841022 	2.0881e-08 	0.92 	0.04 	0.04 	0.0291559 	
0.000894644 	2.0881e-08 	0.92 	0.04 	0.04 	0.0291559 	
0.000948267 	2.0881e-08 	0.92 	0.04 	0.04 	0.0291558 	
0.00100189 	2.0881e-08 	0.92 	0.04 	0.04 	0.0291558 	
0.00105551 	2.0881e-08 	0.92 	0.04 	0.04 	0.0291557 	
0.00110913 	2.0881e-08 	0.92 	0.04 	0.04 	0.0291557 	
0.00116276 	2.0881e-08 	0.92 	0.04 	0.04 	0.0291556 	
0.00121638 	2.0881e-08 	0.92 	0.04 	0.04 	0.0291556 	
0.00127 	1.97216e-08 	0.92 	0.04 	0.04 	0.0291555 	
ZONE T = "t = 3.90239e-06 [s]" I = 10 SOLUTIONTIME = 3.9023901367188E-06
0.0007874 	2.0881e-08 	0.92 	0.04 	0.04 	0.029156 	
0.000841022 	2.0881e-08 	0.92 	0.04 	0.04 	0.0291559 	
0.000894644 	2.0881e-08 	0.92 	0.04 	0.04 	0.0291559 	
0.000948267 	2.0881e-08 	0.92 	0.04 	0.04 	0.0291558 	
0.00100189 	2.0881e-08 	0.92 	0.04 	0.04 	0.0291558 	
0.00105551 	2.0881e-08 	0.92 	0.04 	0.04 	0.0291557 	
0.00110913 	2.0881e-08 	0.92 	0.04 	0.04 	0.0291557 	
0.00116276 	2.0881e-08 	0.92 	0.04 	0.04 	0.0291556 	
0.00121638 	2.0881e-08 	0.92 	0.04 	0.04 	0.0291556 	
0.00127 	1.97216e-08 	0.92 	0.04 	0.04 	0.0291555 	
ZONE T = "t = 5.84859e-06 [s]" I = 10 SOLUTIONTIME = 5.8485852050781E-06
0.0007874 	2.0881e-08 	0.92 	0.04 	0.04 	0.029156 	
0.000841022 	2.0881e-08 	0.92 	0.04 	0.04 	0.0291559 	
0.000894644 	2.0881e-08 	0.92 	0.04 	0.04 	0.0291559 	
0.000948267 	2.0881e-08 	0.92 	0.04 	0.04 	0.0291558 	
0.00100189 	2.0881e-08 	0.92 	0.04 	0.04 	0.0291558 	
0.00105551 	2.0881e-08 	0.92 	0.04 	0.04 	0.0291557 	
0.00110913 	2.0881e-08 	0.92 	0.04 	0.04 	0.0291557 	
0.00116276 	2.0881e-08 	0.92 	0.04 	0.04 	0.0291556 	
0.00121638 	2.0881e-08 	0.92 	0.04 	0.04 	0.0291556 	
0.00127 	1.97216e-08 	0.92 	0.04 	0.04 	0.0291555 	
ZONE T = "t = 8.76788e-06 [s]" I = 10 SOLUTIONTIME = 8.7678778076172E-06
0.0007874 	2.0881e-08 	0.92 	0.04 	0.04 	0.029156 	
0.000841022 	2.0881e-08 	0.92 	0.04 	0.04 	0.0291559 	
0.000894644 	2.0881e-08 	0.92 	0.04 	0.04 	0.0291559 	
0.000948267 	2.0881e-08 	0.92 	0.04 	0.04 	0.0291558 	
0.00100189 	2.0881e-08 	0.92 	0.04 	0.04 	0.0291558 	
0.00105551 	2.0881e-08 	0.92 	0.04 	0.04 	0.0291557 	
0.00110913 	2.0881e-08 	0.92 	0.04 	0.04 	0.0291557 	
0.00116276 	2.0881e-08 	0.92 	0.04 	0.04 	0.0291556 	
0.00121638 	2.0881e-08 	0.92 	0.04 	0.04 	0.0291556 	
0.00127 	1.97216e-08 	0.92 	0.04 	0.04 	0.0291555 	
ZONE T = "t = 1.31468e-05 [s]" I = 10 SOLUTIONTIME = 1.3146816711426E-05
0.0007874 	2.0881e-08 	0.92 	0.04 	0.04 	0.029156 	
0.000841022 	2.0881e-08 	0.92 	0.04 	0.04 	0.0291559 	
0.000894644 	2.0881e-08 	0.92 	0.04 	0.04 	0.0291559 	
0.000948267 	2.0881e-08 	0.92 	0.04 	0.04 	0.0291558 	
0.00100189 	2.0881e-08 	0.92 	0.04 	0.04 	0.0291558 	
0.00105551 	2.0881e-08 	0.92 	0.04 	0.04 	0.0291557 	
0.00110913 	2.0881e-08 	0.92 	0.04 	0.04 	0.0291557 	
0.00116276 	2.0881e-08 	0.92 	0.04 	0.04 	0.0291556 	
0.00121638 	2.0881e-08 	0.92 	0.04 	0.04 	0.0291556 	
0.00127 	1.97216e-08 	0.92 	0.04 	0.04 	0.0291555 	
ZONE T = "t = 1.97152e-05 [s]" I = 10 SOLUTIONTIME = 1.9715225067139E-05
0.0007874 	2.0881e-08 	0.92 	0.04 	0.04 	0.029156 	
0.000841022 	2.0881e-08 	0.92 	0.04 	0.04 	0.0291559 	
0.000894644 	2.0881e-08 	0.92 	0.04 	0.04 	0.0291559 	
0.000948267 	2.0881e-08 	0.92 	0.04 	0.04 	0.0291558 	
0.00100189 	2.0881e-08 	0.92 	0.04 	0.04 	0.0291558 	
0.00105551 	2.0881e-08 	0.92 	0.04 	0.04 	0.0291557 	
0.00110913 	2.0881e-08 	0.92 	0.04 	0.04 	0.0291557 	
0.00116276 	2.0881e-08 	0.92 	0.04 	0.04 	0.0291556 	
0.00121638 	2.0881e-08 	0.92 	0.04 	0.04 	0.0291556 	
0.00127 	1.97216e-08 	0.92 	0.04 	0.04 	0.0291555 	
ZONE T = "t = 2.95678e-05 [s]" I = 10 SOLUTIONTIME = 2.9567837600708E-05
0.0007874 	2.0881e-08 	0.92 	0.04 	0.04 	0.029156 	
0.000841022 	2.0881e-08 	0.92 	0.04 	0.04 	0.0291559 	
0.000894644 	2.0881e-08 	0.92 	0.04 	0.04 	0.0291559 	
0.000948267 	2.0881e-08 	0.92 	0.04 	0.04 	0.0291558 	
0.00100189 	2.0881e-08 	0.92 	0.04 	0.04 	0.0291558 	
0.00105551 	2.0881e-08 	0.92 	0.04 	0.04 	0.0291557 	
0.00110913 	2.0881e-08 	0.92 	0.04 	0.04 	0.0291557 	
0.00116276 	2.0881e-08 	0.92 	0.04 	0.04 	0.0291556 	
0.00121638 	2.0881e-08 	0.92 	0.04 	0.04 	0.0291556 	
0.00127 	1.97216e-08 	0.92 	0.04 	0.04 	0.0291555 	
ZONE T = "t = 4.43468e-05 [s]" I = 10 SOLUTIONTIME = 4.4346756401062E-05
0.0007874 	2.0881e-08 	0.92 	0.04 	0.04 	0.029156 	
0.000841022 	2.0881e-08 	0.92 	0.04 	0.04 	0.0291559 	
0.000894644 	2.0881e-08 	0.92 	0.04 	0.04 	0.0291559 	
0.000948267 	2.0881e-08 	0.92 	0.04 	0.04 	0.0291558 	
0.00100189 	2.0881e-08 	0.92 	0.04 	0.04 	0.0291558 	
0.00105551 	2.0881e-08 	0.92 	0.04 	0.04 	0.0291557 	
0.00110913 	2.0881e-08 	0.92 	0.04 	0.04 	0.0291557 	
0.00116276 	2.0881e-08 	0.92 	0.04 	0.04 	0.0291556 	
0.00121638 	2.0881e-08 	0.92 	0.04 	0.04 	0.0291556 	
0.00127 	1.97216e-08 	0.92 	0.04 	0.04 	0.0291555 	
ZONE T = "t = 6.65151e-05 [s]" I = 10 SOLUTIONTIME = 6.6515134601593E-05
0.0007874 	2.0881e-08 	0.92 	0.04 	0.04 	0.029156 	
0.000841022 	2.0881e-08 	0.92 	0.04 	0.04 	0.0291559 	
0.000894644 	2.0881e-08 	0.92 	0.04 	0.04 	0.0291559 	
0.000948267 	2.0881e-08 	0.92 	0.04 	0.04 	0.0291558 	
0.00100189 	2.0881e-08 	0.92 	0.04 	0.04 	0.0291558 	
0.00105551 	2.0881e-08 	0.92 	0.04 	0.04 	0.0291557 	
0.00110913 	2.0881e-08 	0.92 	0.04 	0.04 	0.0291557 	
0.00116276 	2.0881e-08 	0.92 	0.04 	0.04 	0.0291556 	
0.00121638 	2.0881e-08 	0.92 	0.04 	0.04 	0.0291556 	
0.00127 	1.97216e-08 	0.92 	0.04 	0.04 	0.0291555 	
ZONE T = "t = 9.97677e-05 [s]" I = 10 SOLUTIONTIME = 9.9767701902390E-05
0.0007874 	2.0881e-08 	0.92 	0.04 	0.04 	0.029156 	
0.000841022 	2.0881e-08 	0.92 	0.04 	0.04 	0.0291559 	
0.000894644 	2.0881e-08 	0.92 	0.04 	0.04 	0.0291559 	
0.000948267 	2.0881e-08 	0.92 	0.04 	0.04 	0.0291558 	
0.00100189 	2.0881e-08 	0.92 	0.04 	0.04 	0.0291558 	
0.00105551 	2.0881e-08 	0.92 	0.04 	0.04 	0.0291557 	
0.00110913 	2.0881e-08 	0.92 	0.04 	0.04 	0.0291557 	
0.00116276 	2.0881e-08 	0.92 	0.04 	0.04 	0.0291556 	
0.00121638 	2.0881e-08 	0.92 	0.04 	0.04 	0.0291556 	
0.00127 	1.97216e-08 	0.92 	0.04 	0.04 	0.0291555 	
ZONE T = "t = 0.000149647 [s]" I = 10 SOLUTIONTIME = 1.4964655285358E-04
0.0007874 	2.0881e-08 	0.92 	0.04 	0.04 	0.029156 	
0.000841022 	2.0881e-08 	0.92 	0.04 	0.04 	0.0291559 	
0.000894644 	2.0881e-08 	0.92 	0.04 	0.04 	0.0291559 	
0.000948267 	2.0881e-08 	0.92 	0.04 	0.04 	0.0291558 	
0.00100189 	2.0881e-08 	0.92 	0.04 	0.04 	0.0291558 	
0.00105551 	2.0881e-08 	0.92 	0.04 	0.04 	0.0291557 	
0.00110913 	2.0881e-08 	0.92 	0.04 	0.04 	0.0291557 	
0.00116276 	2.0881e-08 	0.92 	0.04 	0.04 	0.0291556 	
0.00121638 	2.0881e-08 	0.92 	0.04 	0.04 	0.0291556 	
0.00127 	1.97216e-08 	0.92 	0.04 	0.04 	0.0291555 	
ZONE T = "t = 0.000224465 [s]" I = 10 SOLUTIONTIME = 2.2446482928038E-04
0.0007874 	2.0881e-08 	0.92 	0.04 	0.04 	0.029156 	
0.000841022 	2.0881e-08 	0.92 	0.04 	0.04 	0.0291559 	
0.000894644 	2.0881e-08 	0.92 	0.04 	0.04 	0.0291559 	
0.000948267 	2.0881e-08 	0.92 	0.04 	0.04 	0.0291558 	
0.00100189 	2.0881e-08 	0.92 	0.04 	0.04 	0.0291558 	
0.00105551 	2.0881e-08 	0.92 	0.04 	0.04 	0.0291557 	
0.00110913 	2.0881e-08 	0.92 	0.04 	0.04 	0.0291557 	
0.00116276 	2.0881e-08 	0.92 	0.04 	0.04 	0.0291556 	
0.00121638 	2.0881e-08 	0.92 	0.04 	0.04 	0.0291556 	
0.00127 	1.97216e-08 	0.92 	0.04 	0.04 	0.0291555 	
ZONE T = "t = 0.000336692 [s]" I = 10 SOLUTIONTIME = 3.3669224392056E-04
0.0007874 	2.0881e-08 	0.92 	0.04 	0.04 	0.029156 	
0.000841022 	2.0881e-08 	0.92 	0.04 	0.04 	0.0291559 	
0.000894644 	2.0881e-08 	0.92 	0.04 	0.04 	0.0291559 	
0.000948267 	2.0881e-08 	0.92 	0.04 	0.04 	0.0291558 	
0.00100189 	2.0881e-08 	0.92 	0.04 	0.04 	0.0291558 	
0.00105551 	2.0881e-08 	0.92 	0.04 	0.04 	0.0291557 	
0.00110913 	2.0881e-08 	0.92 	0.04 	0.04 	0.0291557 	
0.00116276 	2.0881e-08 	0.92 	0.04 	0.04 	0.0291556 	
0.00121638 	2.0881e-08 	0.92 	0.04 	0.04 	0.0291556 	
0.00127 	1.97216e-08 	0.92 	0.04 	0.04 	0.0291555 	
ZONE T = "t = 0.000505033 [s]" I = 10 SOLUTIONTIME = 5.0503336588085E-04
0.0007874 	2.0881e-08 	0.92 	0.04 	0.04 	0.029156 	
0.000841022 	2.0881e-08 	0.92 	0.04 	0.04 	0.0291559 	
0.000894644 	2.0881e-08 	0.92 	0.04 	0.04 	0.0291559 	
0.000948267 	2.0881e-08 	0.92 	0.04 	0.04 	0.0291558 	
0.00100189 	2.0881e-08 	0.92 	0.04 	0.04 	0.0291558 	
0.00105551 	2.0881e-08 	0.92 	0.04 	0.04 	0.0291557 	
0.00110913 	2.0881e-08 	0.92 	0.04 	0.04 	0.0291557 	
0.00116276 	2.0881e-08 	0.92 	0.04 	0.04 	0.0291556 	
0.00121638 	2.0881e-08 	0.92 	0.04 	0.04 	0.0291556 	
0.00127 	1.97216e-08 	0.92 	0.04 	0.04 	0.0291555 	
ZONE T = "t = 0.000757545 [s]" I = 10 SOLUTIONTIME = 7.5754504882127E-04
0.0007874 	2.0881e-08 	0.92 	0.04 	0.04 	0.029156 	
0.000841022 	2.0881e-08 	0.92 	0.04 	0.04 	0.0291559 	
0.000894644 	2.0881e-08 	0.92 	0.04 	0.04 	0.0291559 	
0.000948267 	2.0881e-08 	0.92 	0.04 	0.04 	0.0291558 	
0.00100189 	2.0881e-08 	0.92 	0.04 	0.04 	0.0291558 	
0.00105551 	2.0881e-08 	0.92 	0.04 	0.04 	0.0291557 	
0.00110913 	2.0881e-08 	0.92 	0.04 	0.04 	0.0291557 	
0.00116276 	2.0881e-08 	0.92 	0.04 	0.04 	0.0291556 	
0.00121638 	2.0881e-08 	0.92 	0.04 	0.04 	0.0291556 	
0.00127 	1.97216e-08 	0.92 	0.04 	0.04 	0.0291555 	
ZONE T = "t = 0.00113631 [s]" I = 10 SOLUTIONTIME = 1.1363125732319E-03
0.0007874 	2.0881e-08 	0.92 	0.04 	0.04 	0.029156 	
0.000841022 	2.0881e-08 	0.92 	0.04 	0.04 	0.0291559 	
0.000894644 	2.0881e-08 	0.92 	0.04 	0.04 	0.0291559 	
0.000948267 	2.0881e-08 	0.92 	0.04 	0.04 	0.0291558 	
0.00100189 	2.0881e-08 	0.92 	0.04 	0.04 	0.0291558 	
0.00105551 	2.0881e-08 	0.92 	0.04 	0.04 	0.0291557 	
0.00110913 	2.0881e-08 	0.92 	0.04 	0.04 	0.0291557 	
0.00116276 	2.0881e-08 	0.92 	0.04 	0.04 	0.0291556 	
0.00121638 	2.0881e-08 	0.92 	0.04 	0.04 	0.0291556 	
0.00127 	1.97216e-08 	0.92 	0.04 	0.04 	0.0291555 	
ZONE T = "t = 0.00170446 [s]" I = 10 SOLUTIONTIME = 1.7044638598479E-03
0.0007874 	2.0881e-08 	0.92 	0.04 	0.04 	0.029156 	
0.000841022 	2.0881e-08 	0.92 	0.04 	0.04 	0.0291559 	
0.000894644 	2.0881e-08 	0.92 	0.04 	0.04 	0.0291559 	
0.000948267 	2.0881e-08 	0.92 	0.04 	0.04 	0.0291558 	
0.00100189 	2.0881e-08 	0.92 	0.04 	0.04 	0.0291558 	
0.00105551 	2.0881e-08 	0.92 	0.04 	0.04 	0.0291557 	
0.00110913 	2.0881e-08 	0.92 	0.04 	0.04 	0.0291557 	
0.00116276 	2.0881e-08 	0.92 	0.04 	0.04 	0.0291556 	
0.00121638 	2.0881e-08 	0.92 	0.04 	0.04 	0.0291556 	
0.00127 	1.97216e-08 	0.92 	0.04 	0.04 	0.0291555 	
ZONE T = "t = 0.00255669 [s]" I = 10 SOLUTIONTIME = 2.5566907897718E-03
0.0007874 	2.0881e-08 	0.92 	0.04 	0.04 	0.029156 	
0.000841022 	2.0881e-08 	0.92 	0.04 	0.04 	0.0291559 	
0.000894644 	2.0881e-08 	0.92 	0.04 	0.04 	0.0291559 	
0.000948267 	2.0881e-08 	0.92 	0.04 	0.04 	0.0291558 	
0.00100189 	2.0881e-08 	0.92 	0.04 	0.04 	0.0291558 	
0.00105551 	2.0881e-08 	0.92 	0.04 	0.04 	0.0291557 	
0.00110913 	2.0881e-08 	0.92 	0.04 	0.04 	0.0291557 	
0.00116276 	2.0881e-08 	0.92 	0.04 	0.04 	0.0291556 	
0.00121638 	2.0881e-08 	0.92 	0.04 	0.04 	0.0291556 	
0.00127 	1.97216e-08 	0.92 	0.04 	0.04 	0.0291555 	
ZONE T = "t = 0.00383503 [s]" I = 10 SOLUTIONTIME = 3.8350311846577E-03
0.0007874 	2.08809e-08 	0.92 	0.04 	0.04 	0.0291559 	
0.000841022 	2.08809e-08 	0.92 	0.04 	0.04 	0.0291559 	
0.000894644 	2.08809e-08 	0.92 	0.04 	0.04 	0.0291559 	
0.000948267 	2.08809e-08 	0.92 	0.04 	0.04 	0.0291558 	
0.00100189 	2.08809e-08 	0.92 	0.04 	0.04 	0.0291558 	
0.00105551 	2.08809e-08 	0.92 	0.04 	0.04 	0.0291557 	
0.00110913 	2.08809e-08 	0.92 	0.04 	0.04 	0.0291557 	
0.00116276 	2.08809e-08 	0.92 	0.04 	0.04 	0.0291556 	
0.00121638 	2.08809e-08 	0.92 	0.04 	0.04 	0.0291556 	
0.00127 	1.97216e-08 	0.92 	0.04 	0.04 	0.0291555 	
ZONE T = "t = 0.00575254 [s]" I = 10 SOLUTIONTIME = 5.7525417769865E-03
0.0007874 	2.08809e-08 	0.92 	0.04 	0.04 	0.0291559 	
0.000841022 	2.08809e-08 	0.92 	0.04 	0.04 	0.0291559 	
0.000894644 	2.08809e-08 	0.92 	0.04 	0.04 	0.0291558 	
0.000948267 	2.08809e-08 	0.92 	0.04 	0.04 	0.0291558 	
0.00100189 	2.08809e-08 	0.92 	0.04 	0.04 	0.0291557 	
0.00105551 	2.08809e-08 	0.92 	0.04 	0.04 	0.0291557 	
0.00110913 	2.08809e-08 	0.92 	0.04 	0.04 	0.0291556 	
0.00116276 	2.08809e-08 	0.92 	0.04 	0.04 	0.0291556 	
0.00121638 	2.08809e-08 	0.92 	0.04 	0.04 	0.0291555 	
0.00127 	1.97215e-08 	0.92 	0.0399999 	0.0399999 	0.0291555 	
ZONE T = "t = 0.00862881 [s]" I = 10 SOLUTIONTIME = 8.6288076654798E-03
0.0007874 	2.08808e-08 	0.92 	0.0400001 	0.0400001 	0.0291559 	
0.000841022 	2.08808e-08 	0.92 	0.04 	0.04 	0.0291559 	
0.000894644 	2.08808e-08 	0.92 	0.04 	0.04 	0.0291558 	
0.000948267 	2.08808e-08 	0.92 	0.04 	0.04 	0.0291558 	
0.00100189 	2.08808e-08 	0.92 	0.04 	0.04 	0.0291557 	
0.00105551 	2.08808e-08 	0.92 	0.04 	0.04 	0.0291557 	
0.00110913 	2.08808e-08 	0.92 	0.04 	0.04 	0.0291556 	
0.00116276 	2.08808e-08 	0.92 	0.04 	0.04 	0.0291556 	
0.00121638 	2.08808e-08 	0.92 	0.0399999 	0.0399999 	0.0291555 	
0.00127 	1.97215e-08 	0.92 	0.0399999 	0.0399999 	0.0291555 	
ZONE T = "t = 0.0129432 [s]" I = 10 SOLUTIONTIME = 1.2943206498220E-02
0.0007874 	2.08808e-08 	0.92 	0.0400001 	0.0400001 	0.0291559 	
0.000841022 	2.08808e-08 	0.92 	0.0400001 	0.0400001 	0.0291558 	
0.000894644 	2.08808e-08 	0.92 	0.04 	0.04 	0.0291558 	
0.000948267 	2.08808e-08 	0.92 	0.04 	0.04 	0.0291557 	
0.00100189 	2.08808e-08 	0.92 	0.04 	0.04 	0.0291557 	
0.00105551 	2.08808e-08 	0.92 	0.04 	0.04 	0.0291556 	
0.00110913 	2.08808e-08 	0.92 	0.04 	0.04 	0.0291556 	
0.00116276 	2.08808e-08 	0.92 	0.0399999 	0.0399999 	0.0291556 	
0.00121638 	2.08808e-08 	0.92 	0.0399999 	0.0399999 	0.0291555 	
0.00127 	1.97214e-08 	0.92 	0.0399999 	0.0399999 	0.0291555 	
ZONE T = "t = 0.0194148 [s]" I = 10 SOLUTIONTIME = 1.9414804747330E-02
0.0007874 	2.08807e-08 	0.92 	0.0400001 	0.0400001 	0.0291559 	
0.000841022 	2.08807e-08 	0.92 	0.0400001 	0.0400001 	0.0291558 	
0.000894644 	2.08807e-08 	0.92 	0.04 	0.04 	0.0291558 	
0.000948267 	2.08807e-08 	0.92 	0.04 	0.04 	0.0291557 	
0.00100189 	2.08807e-08 	0.92 	0.04 	0.04 	0.0291557 	
0.00105551 	2.08807e-08 	0.92 	0.04 	0.04 	0.0291556 	
0.00110913 	2.08807e-08 	0.92 	0.0399999 	0.0399999 	0.0291556 	
0.00116276 	2.08807e-08 	0.92 	0.0399999 	0.0399999 	0.0291555 	
0.00121638 	2.08807e-08 	0.92 	0.0399999 	0.0399999 	0.0291555 	
0.00127 	1.97213e-08 	0.92 	0.0399998 	0.0399998 	0.0291554 	
ZONE T = "t = 0.0291222 [s]" I = 10 SOLUTIONTIME = 2.9122202120994E-02
0.0007874 	2.08805e-08 	0.92 	0.0400001 	0.0400001 	0.0291558 	
0.000841022 	2.08805e-08 	0.92 	0.0400001 	0.0400001 	0.0291558 	
0.000894644 	2.08805e-08 	0.92 	0.04 	0.04 	0.0291557 	
0.000948267 	2.08805e-08 	0.92 	0.04 	0.04 	0.0291557 	
0.00100189 	2.08805e-08 	0.92 	0.04 	0.04 	0.0291556 	
0.00105551 	2.08805e-08 	0.92 	0.0399999 	0.0399999 	0.0291556 	
0.00110913 	2.08805e-08 	0.92 	0.0399999 	0.0399999 	0.0291555 	
0.00116276 	2.08805e-08 	0.92 	0.0399999 	0.0399999 	0.0291555 	
0.00121638 	2.08805e-08 	0.92 	0.0399998 	0.0399998 	0.0291554 	
0.00127 	1.97212e-08 	0.92 	0.0399998 	0.0399998 	0.0291554 	
ZONE T = "t = 0.0436833 [s]" I = 10 SOLUTIONTIME = 4.3683298181491E-02
0.0007874 	2.08804e-08 	0.92 	0.0400001 	0.0400001 	0.0291557 	
0.000841022 	2.08804e-08 	0.92 	0.0400001 	0.0400001 	0.0291557 	
0.000894644 	2.08804e-08 	0.92 	0.04 	0.04 	0.0291556 	
0.000948267 	2.08804e-08 	0.92 	0.04 	0.04 	0.0291556 	
0.00100189 	2.08804e-08 	0.92 	0.0399999 	0.0399999 	0.0291555 	
0.00105551 	2.08804e-08 	0.92 	0.0399999 	0.0399999 	0.0291555 	
0.00110913 	2.08804e-08 	0.92 	0.0399999 	0.0399999 	0.0291554 	
0.00116276 	2.08804e-08 	0.92 	0.0399998 	0.0399998 	0.0291554 	
0.00121638 	2.08804e-08 	0.92 	0.0399998 	0.0399998 	0.0291553 	
0.00127 	1.9721e-08 	0.920001 	0.0399997 	0.0399997 	0.0291553 	
ZONE T = "t = 0.0655249 [s]" I = 10 SOLUTIONTIME = 6.5524942272237E-02
0.0007874 	2.08802e-08 	0.92 	0.0400001 	0.0400001 	0.0291556 	
0.000841022 	2.08802e-08 	0.92 	0.0400001 	0.0400001 	0.0291556 	
0.000894644 	2.08802e-08 	0.92 	0.04 	0.04 	0.0291555 	
0.000948267 	2.08802e-08 	0.92 	0.04 	0.04 	0.0291555 	
0.00100189 	2.08802e-08 	0.92 	0.0399999 	0.0399999 	0.0291554 	
0.00105551 	2.08802e-08 	0.92 	0.0399999 	0.0399999 	0.0291554 	
0.00110913 	2.08802e-08 	0.92 	0.0399998 	0.0399998 	0.0291553 	
0.00116276 	2.08802e-08 	0.92 	0.0399998 	0.0399998 	0.0291553 	
0.00121638 	2.08802e-08 	0.920001 	0.0399997 	0.0399997 	0.0291552 	
0.00127 	1.97208e-08 	0.920001 	0.0399996 	0.0399996 	0.0291552 	
ZONE T = "t = 0.0982874 [s]" I = 10 SOLUTIONTIME = 9.8287408408356E-02
0.0007874 	2.08799e-08 	0.92 	0.0400001 	0.0400001 	0.0291555 	
0.000841022 	2.08799e-08 	0.92 	0.0400001 	0.0400001 	0.0291554 	
0.000894644 	2.08799e-08 	0.92 	0.04 	0.04 	0.0291554 	
0.000948267 	2.08799e-08 	0.92 	0.04 	0.04 	0.0291553 	
0.00100189 	2.08799e-08 	0.92 	0.0399999 	0.0399999 	0.0291553 	
0.00105551 	2.08799e-08 	0.92 	0.0399998 	0.0399998 	0.0291552 	
0.00110913 	2.08799e-08 	0.92 	0.0399998 	0.0399998 	0.0291552 	
0.00116276 	2.08799e-08 	0.920001 	0.0399997 	0.0399997 	0.0291551 	
0.00121638 	2.08799e-08 	0.920001 	0.0399996 	0.0399996 	0.0291551 	
0.00127 	1.97205e-08 	0.920001 	0.0399996 	0.0399996 	0.029155 	
ZONE T = "t = 0.147431 [s]" I = 10 SOLUTIONTIME = 1.4743110761253E-01
0.0007874 	2.08796e-08 	0.92 	0.0400001 	0.0400001 	0.0291553 	
0.000841022 	2.08796e-08 	0.92 	0.0400001 	0.0400001 	0.0291552 	
0.000894644 	2.08796e-08 	0.92 	0.04 	0.04 	0.0291552 	
0.000948267 	2.08796e-08 	0.92 	0.0399999 	0.0399999 	0.0291551 	
0.00100189 	2.08796e-08 	0.92 	0.0399999 	0.0399999 	0.0291551 	
0.00105551 	2.08796e-08 	0.92 	0.0399998 	0.0399998 	0.029155 	
0.00110913 	2.08796e-08 	0.920001 	0.0399997 	0.0399997 	0.029155 	
0.00116276 	2.08796e-08 	0.920001 	0.0399997 	0.0399997 	0.0291549 	
0.00121638 	2.08796e-08 	0.920001 	0.0399996 	0.0399996 	0.0291549 	
0.00127 	1.97202e-08 	0.920001 	0.0399995 	0.0399995 	0.0291548 	
ZONE T = "t = 0.221147 [s]" I = 10 SOLUTIONTIME = 2.2114665641880E-01
0.0007874 	2.08791e-08 	0.92 	0.0400001 	0.0400001 	0.029155 	
0.000841022 	2.08791e-08 	0.92 	0.0400001 	0.0400001 	0.029155 	
0.000894644 	2.08791e-08 	0.92 	0.04 	0.04 	0.0291549 	
0.000948267 	2.08791e-08 	0.92 	0.0399999 	0.0399999 	0.0291549 	
0.00100189 	2.08791e-08 	0.92 	0.0399999 	0.0399999 	0.0291548 	
0.00105551 	2.08791e-08 	0.92 	0.0399998 	0.0399998 	0.0291548 	
0.00110913 	2.08791e-08 	0.920001 	0.0399997 	0.0399997 	0.0291547 	
0.00116276 	2.08791e-08 	0.920001 	0.0399997 	0.0399997 	0.0291547 	
0.00121638 	2.08791e-08 	0.920001 	0.0399996 	0.0399996 	0.0291546 	
0.00127 	1.97198e-08 	0.920001 	0.0399995 	0.0399995 	0.0291546 	
ZONE T = "t = 0.33172 [s]" I = 10 SOLUTIONTIME = 3.3171997962820E-01
0.0007874 	2.08785e-08 	0.92 	0.0400001 	0.0400001 	0.0291546 	
0.000841022 	2.08785e-08 	0.92 	0.0400001 	0.0400001 	0.0291546 	
0.000894644 	2.08785e-08 	0.92 	0.04 	0.04 	0.0291545 	
0.000948267 	2.08785e-08 	0.92 	0.0399999 	0.0399999 	0.0291545 	
0.00100189 	2.08785e-08 	0.92 	0.0399999 	0.0399999 	0.0291544 	
0.00105551 	2.08785e-08 	0.92 	0.0399998 	0.0399998 	0.0291544 	
0.00110913 	2.08785e-08 	0.920001 	0.0399997 	0.0399997 	0.0291543 	
0.00116276 	2.08785e-08 	0.920001 	0.0399997 	0.0399997 	0.0291543 	
0.00121638 	2.08785e-08 	0.920001 	0.0399996 	0.0399996 	0.0291542 	
0.00127 	1.97193e-08 	0.920001 	0.0399995 	0.0399995 	0.0291542 	
ZONE T = "t = 0.49758 [s]" I = 10 SOLUTIONTIME = 4.9757996444230E-01
0.0007874 	2.08777e-08 	0.92 	0.0400001 	0.0400001 	0.0291541 	
0.000841022 	2.08777e-08 	0.92 	0.0400001 	0.0400001 	0.029154 	
0.000894644 	2.08777e-08 	0.92 	0.04 	0.04 	0.029154 	
0.000948267 	2.08777e-08 	0.92 	0.0399999 	0.0399999 	0.0291539 	
0.00100189 	2.08777e-08 	0.92 	0.0399999 	0.0399999 	0.0291539 	
0.00105551 	2.08777e-08 	0.92 	0.0399998 	0.0399998 	0.0291538 	
0.00110913 	2.08777e-08 	0.920001 	0.0399997 	0.0399997 	0.0291538 	
0.00116276 	2.08777e-08 	0.920001 	0.0399996 	0.0399996 	0.0291537 	
0.00121638 	2.08777e-08 	0.920001 	0.0399996 	0.0399996 	0.0291537 	
0.00127 	1.97185e-08 	0.920001 	0.0399995 	0.0399995 	0.0291536 	
ZONE T = "t = 0.74637 [s]" I = 10 SOLUTIONTIME = 7.4636994166345E-01
0.0007874 	2.08765e-08 	0.92 	0.0400001 	0.0400001 	0.0291532 	
0.000841022 	2.08765e-08 	0.92 	0.0400001 	0.0400001 	0.0291531 	
0.000894644 	2.08765e-08 	0.92 	0.04 	0.04 	0.0291531 	
0.000948267 	2.08765e-08 	0.92 	0.0399999 	0.0399999 	0.029153 	
0.00100189 	2.08765e-08 	0.92 	0.0399999 	0.0399999 	0.029153 	
0.00105551 	2.08765e-08 	0.92 	0.0399998 	0.0399998 	0.0291529 	
0.00110913 	2.08765e-08 	0.920001 	0.0399997 	0.0399997 	0.0291529 	
0.00116276 	2.08765e-08 	0.920001 	0.0399996 	0.0399996 	0.0291528 	
0.00121638 	2.08765e-08 	0.920001 	0.0399996 	0.0399996 	0.0291528 	
0.00127 	1.97173e-08 	0.920001 	0.0399995 	0.0399995 	0.0291528 	
ZONE T = "t = 1.11955 [s]" I = 10 SOLUTIONTIME = 1.1195549074952E+00
0.0007874 	2.08746e-08 	0.92 	0.0400001 	0.0400001 	0.0291519 	
0.000841022 	2.08746e-08 	0.92 	0.0400001 	0.0400001 	0.0291519 	
0.000894644 	2.08746e-08 	0.92 	0.04 	0.04 	0.0291518 	
0.000948267 	2.08746e-08 	0.92 	0.0399999 	0.0399999 	0.0291518 	
0.00100189 	2.08746e-08 	0.92 	0.0399999 	0.0399999 	0.0291517 	
0.00105551 	2.08746e-08 	0.92 	0.0399998 	0.0399998 	0.0291517 	
0.00110913 	2.08746e-08 	0.920001 	0.0399997 	0.0399997 	0.0291516 	
0.00116276 	2.08746e-08 	0.920001 	0.0399996 	0.0399996 	0.0291516 	
0.00121638 	2.08746e-08 	0.920001 	0.0399996 	0.0399996 	0.0291515 	
0.00127 	1.97156e-08 	0.920001 	0.0399995 	0.0399995 	0.0291515 	
ZONE T = "t = 1.67933 [s]" I = 10 SOLUTIONTIME = 1.6793323562428E+00
0.0007874 	2.08719e-08 	0.92 	0.0400001 	0.0400001 	0.02915 	
0.000841022 	2.08719e-08 	0.92 	0.0400001 	0.0400001 	0.0291499 	
0.000894644 	2.08719e-08 	0.92 	0.04 	0.04 	0.0291499 	
0.000948267 	2.08719e-08 	0.92 	0.0399999 	0.0399999 	0.0291498 	
0.00100189 	2.08719e-08 	0.92 	0.0399999 	0.0399999 	0.0291498 	
0.00105551 	2.08719e-08 	0.92 	0.0399998 	0.0399998 	0.0291497 	
0.00110913 	2.08719e-08 	0.920001 	0.0399997 	0.0399997 	0.0291497 	
0.00116276 	2.08719e-08 	0.920001 	0.0399996 	0.0399996 	0.0291496 	
0.00121638 	2.08719e-08 	0.920001 	0.0399996 	0.0399996 	0.0291496 	
0.00127 	1.9713e-08 	0.920001 	0.0399995 	0.0399995 	0.0291495 	
ZONE T = "t = 2.519 [s]" I = 10 SOLUTIONTIME = 2.5189985293641E+00
0.0007874 	2.08677e-08 	0.92 	0.0400001 	0.0400001 	0.0291471 	
0.000841022 	2.08677e-08 	0.92 	0.0400001 	0.0400001 	0.0291471 	
0.000894644 	2.08677e-08 	0.92 	0.04 	0.04 	0.029147 	
0.000948267 	2.08677e-08 	0.92 	0.0399999 	0.0399999 	0.029147 	
0.00100189 	2.08677e-08 	0.92 	0.0399999 	0.0399999 	0.0291469 	
0.00105551 	2.08677e-08 	0.92 	0.0399998 	0.0399998 	0.0291469 	
0.00110913 	2.08677e-08 	0.920001 	0.0399997 	0.0399997 	0.0291468 	
0.00116276 	2.08677e-08 	0.920001 	0.0399996 	0.0399996 	0.0291468 	
0.00121638 	2.08677e-08 	0.920001 	0.0399996 	0.0399996 	0.0291467 	
0.00127 	1.9709e-08 	0.920001 	0.0399995 	0.0399995 	0.0291467 	
ZONE T = "t = 3.7785 [s]" I = 10 SOLUTIONTIME = 3.7784977890462E+00
0.0007874 	2.08615e-08 	0.92 	0.0400001 	0.0400001 	0.0291428 	
0.000841022 	2.08615e-08 	0.92 	0.0400001 	0.0400001 	0.0291427 	
0.000894644 	2.08615e-08 	0.92 	0.04 	0.04 	0.0291427 	
0.000948267 	2.08615e-08 	0.92 	0.0399999 	0.0399999 	0.0291426 	
0.00100189 	2.08615e-08 	0.92 	0.0399999 	0.0399999 	0.0291426 	
0.00105551 	2.08615e-08 	0.92 	0.0399998 	0.0399998 	0.0291425 	
0.00110913 	2.08615e-08 	0.920001 	0.0399997 	0.0399997 	0.0291425 	
0.00116276 	2.08615e-08 	0.920001 	0.0399996 	0.0399996 	0.0291424 	
0.00121638 	2.08615e-08 	0.920001 	0.0399996 	0.0399996 	0.0291424 	
0.00127 	1.97032e-08 	0.920001 	0.0399995 	0.0399995 	0.0291423 	
ZONE T = "t = 5.66775 [s]" I = 10 SOLUTIONTIME = 5.6677466785693E+00
0.0007874 	2.08521e-08 	0.92 	0.0400001 	0.0400001 	0.0291363 	
0.000841022 	2.08521e-08 	0.92 	0.0400001 	0.0400001 	0.0291363 	
0.000894644 	2.08521e-08 	0.92 	0.04 	0.04 	0.0291362 	
0.000948267 	2.08521e-08 	0.92 	0.0399999 	0.0399999 	0.0291362 	
0.00100189 	2.08521e-08 	0.92 	0.0399999 	0.0399999 	0.0291361 	
0.00105551 	2.08521e-08 	0.92 	0.0399998 	0.0399998 	0.0291361 	
0.00110913 	2.08521e-08 	0.920001 	0.0399997 	0.0399997 	0.029136 	
0.00116276 	2.08521e-08 	0.920001 	0.0399996 	0.0399996 	0.029136 	
0.00121638 	2.08521e-08 	0.920001 	0.0399996 	0.0399996 	0.0291359 	
0.00127 	1.96943e-08 	0.920001 	0.0399995 	0.0399995 	0.0291359 	
ZONE T = "t = 8.50162 [s]" I = 10 SOLUTIONTIME = 8.5016200128540E+00
0.0007874 	2.08382e-08 	0.92 	0.0400001 	0.0400001 	0.0291266 	
0.000841022 	2.08382e-08 	0.92 	0.0400001 	0.0400001 	0.0291266 	
0.000894644 	2.08382e-08 	0.92 	0.04 	0.04 	0.0291265 	
0.000948267 	2.08382e-08 	0.92 	0.0399999 	0.0399999 	0.0291265 	
0.00100189 	2.08382e-08 	0.92 	0.0399999 	0.0399999 	0.0291264 	
0.00105551 	2.08382e-08 	0.92 	0.0399998 	0.0399998 	0.0291264 	
0.00110913 	2.08382e-08 	0.920001 	0.0399997 	0.0399997 	0.0291263 	
0.00116276 	2.08382e-08 	0.920001 	0.0399996 	0.0399996 	0.0291263 	
0.00121638 	2.08382e-08 	0.920001 	0.0399996 	0.0399996 	0.0291262 	
0.00127 	1.96811e-08 	0.920001 	0.0399995 	0.0399995 	0.0291262 	
ZONE T = "t = 12.7524 [s]" I = 10 SOLUTIONTIME = 1.2752430014281E+01
0.0007874 	2.08172e-08 	0.92 	0.0400001 	0.0400001 	0.0291121 	
0.000841022 	2.08172e-08 	0.92 	0.0400001 	0.0400001 	0.029112 	
0.000894644 	2.08172e-08 	0.92 	0.04 	0.04 	0.029112 	
0.000948267 	2.08172e-08 	0.92 	0.0399999 	0.0399999 	0.0291119 	
0.00100189 	2.08172e-08 	0.92 	0.0399999 	0.0399999 	0.0291119 	
0.00105551 	2.08172e-08 	0.92 	0.0399998 	0.0399998 	0.0291118 	
0.00110913 	2.08172e-08 	0.920001 	0.0399997 	0.0399997 	0.0291118 	
0.00116276 	2.08172e-08 	0.920001 	0.0399996 	0.0399996 	0.0291117 	
0.00121638 	2.08172e-08 	0.920001 	0.0399996 	0.0399996 	0.0291117 	
0.00127 	1.96614e-08 	0.920001 	0.0399995 	0.0399995 	0.0291116 	
ZONE T = "t = 19.1286 [s]" I = 10 SOLUTIONTIME = 1.9128645016421E+01
0.0007874 	2.07859e-08 	0.92 	0.0400001 	0.0400001 	0.0290903 	
0.000841022 	2.07859e-08 	0.92 	0.0400001 	0.0400001 	0.0290902 	
0.000894644 	2.07859e-08 	0.92 	0.04 	0.04 	0.0290902 	
0.000948267 	2.07859e-08 	0.92 	0.0399999 	0.0399999 	0.0290901 	
0.00100189 	2.07859e-08 	0.92 	0.0399999 	0.0399999 	0.0290901 	
0.00105551 	2.07859e-08 	0.92 	0.0399998 	0.0399998 	0.02909 	
0.00110913 	2.07859e-08 	0.920001 	0.0399997 	0.0399997 	0.02909 	
0.00116276 	2.07859e-08 	0.920001 	0.0399996 	0.0399996 	0.0290899 	
0.00121638 	2.07859e-08 	0.920001 	0.0399996 	0.0399996 	0.0290899 	
0.00127 	1.96318e-08 	0.920001 	0.0399995 	0.0399995 	0.0290898 	
ZONE T = "t = 28.693 [s]" I = 10 SOLUTIONTIME = 2.8692967519632E+01
0.0007874 	2.07406e-08 	0.92 	0.0400001 	0.0400001 	0.0290614 	
0.000841022 	2.07406e-08 	0.92 	0.0400001 	0.0400001 	0.0290614 	
0.000894644 	2.07406e-08 	0.92 	0.04 	0.04 	0.0290613 	
0.000948267 	2.07406e-08 	0.92 	0.0399999 	0.0399999 	0.0290613 	
0.00100189 	2.07406e-08 	0.92 	0.0399999 	0.0399999 	0.0290612 	
0.00105551 	2.07406e-08 	0.92 	0.0399998 	0.0399998 	0.0290612 	
0.00110913 	2.07406e-08 	0.920001 	0.0399997 	0.0399997 	0.0290611 	
0.00116276 	2.07406e-08 	0.920001 	0.0399997 	0.0399997 	0.0290611 	
0.00121638 	2.07406e-08 	0.920001 	0.0399996 	0.0399996 	0.029061 	
0.00127 	1.9589e-08 	0.920001 	0.0399995 	0.0399995 	0.029061 	
ZONE T = "t = 43.0395 [s]" I = 10 SOLUTIONTIME = 4.3039451274448E+01
0.0007874 	2.06736e-08 	0.92 	0.0400001 	0.0400001 	0.0290196 	
0.000841022 	2.06736e-08 	0.92 	0.0400001 	0.0400001 	0.0290195 	
0.000894644 	2.06736e-08 	0.92 	0.04 	0.04 	0.0290195 	
0.000948267 	2.06736e-08 	0.92 	0.0399999 	0.0399999 	0.0290194 	
0.00100189 	2.06736e-08 	0.92 	0.0399999 	0.0399999 	0.0290194 	
0.00105551 	2.06736e-08 	0.92 	0.0399998 	0.0399998 	0.0290193 	
0.00110913 	2.06736e-08 	0.920001 	0.0399997 	0.0399997 	0.0290193 	
0.00116276 	2.06736e-08 	0.920001 	0.0399997 	0.0399997 	0.0290193 	
0.00121638 	2.06736e-08 	0.920001 	0.0399996 	0.0399996 	0.0290192 	
0.00127 	1.95257e-08 	0.920001 	0.0399995 	0.0399995 	0.0290192 	
ZONE T = "t = 64.5592 [s]" I = 10 SOLUTIONTIME = 6.4559176906673E+01
0.0007874 	2.05737e-08 	0.92 	0.0400001 	0.0400001 	0.0289566 	
0.000841022 	2.05737e-08 	0.92 	0.0400001 	0.0400001 	0.0289566 	
0.000894644 	2.05737e-08 	0.92 	0.04 	0.04 	0.0289565 	
0.000948267 	2.05737e-08 	0.92 	0.0399999 	0.0399999 	0.0289565 	
0.00100189 	2.05737e-08 	0.92 	0.0399999 	0.0399999 	0.0289564 	
0.00105551 	2.05737e-08 	0.92 	0.0399998 	0.0399998 	0.0289564 	
0.00110913 	2.05737e-08 	0.920001 	0.0399997 	0.0399997 	0.0289563 	
0.00116276 	2.05737e-08 	0.920001 	0.0399997 	0.0399997 	0.0289563 	
0.00121638 	2.05737e-08 	0.920001 	0.0399996 	0.0399996 	0.0289562 	
0.00127 	1.94313e-08 	0.920001 	0.0399995 	0.0399995 	0.0289562 	
ZONE T = "t = 96.8388 [s]" I = 10 SOLUTIONTIME = 9.6838765355009E+01
0.0007874 	2.04261e-08 	0.92 	0.0400001 	0.0400001 	0.0288638 	
0.000841022 	2.04261e-08 	0.92 	0.0400001 	0.0400001 	0.0288638 	
0.000894644 	2.04261e-08 	0.92 	0.04 	0.04 	0.0288637 	
0.000948267 	2.04261e-08 	0.92 	0.0399999 	0.0399999 	0.0288637 	
0.00100189 	2.04261e-08 	0.92 	0.0399999 	0.0399999 	0.0288636 	
0.00105551 	2.04261e-08 	0.92 	0.0399998 	0.0399998 	0.0288636 	
0.00110913 	2.04261e-08 	0.920001 	0.0399997 	0.0399997 	0.0288635 	
0.00116276 	2.04261e-08 	0.920001 	0.0399997 	0.0399997 	0.0288635 	
0.00121638 	2.04261e-08 	0.920001 	0.0399996 	0.0399996 	0.0288635 	
0.00127 	1.92919e-08 	0.920001 	0.0399995 	0.0399995 	0.0288634 	
ZONE T = "t = 145.258 [s]" I = 10 SOLUTIONTIME = 1.4525814802751E+02
0.0007874 	2.02084e-08 	0.92 	0.0400001 	0.0400001 	0.0287253 	
0.000841022 	2.02084e-08 	0.92 	0.0400001 	0.0400001 	0.0287252 	
0.000894644 	2.02084e-08 	0.92 	0.04 	0.04 	0.0287252 	
0.000948267 	2.02084e-08 	0.92 	0.0399999 	0.0399999 	0.0287251 	
0.00100189 	2.02084e-08 	0.92 	0.0399999 	0.0399999 	0.0287251 	
0.00105551 	2.02084e-08 	0.92 	0.0399998 	0.0399998 	0.028725 	
0.00110913 	2.02084e-08 	0.920001 	0.0399997 	0.0399997 	0.028725 	
0.00116276 	2.02084e-08 	0.920001 	0.0399997 	0.0399997 	0.0287249 	
0.00121638 	2.02084e-08 	0.920001 	0.0399996 	0.0399996 	0.0287249 	
0.00127 	1.90863e-08 	0.920001 	0.0399995 	0.0399995 	0.0287248 	
ZONE T = "t = 217.887 [s]" I = 10 SOLUTIONTIME = 2.1788722203627E+02
0.0007874 	1.98904e-08 	0.92 	0.0400001 	0.0400001 	0.0285198 	
0.000841022 	1.98904e-08 	0.92 	0.0400001 	0.0400001 	0.0285197 	
0.000894644 	1.98904e-08 	0.92 	0.04 	0.04 	0.0285197 	
0.000948267 	1.98904e-08 	0.92 	0.0399999 	0.0399999 	0.0285196 	
0.00100189 	1.98904e-08 	0.92 	0.0399999 	0.0399999 	0.0285196 	
0.00105551 	1.98904e-08 	0.92 	0.0399998 	0.0399998 	0.0285195 	
0.00110913 	1.98904e-08 	0.920001 	0.0399997 	0.0399997 	0.0285195 	
0.00116276 	1.98904e-08 	0.920001 	0.0399997 	0.0399997 	0.0285195 	
0.00121638 	1.98904e-08 	0.920001 	0.0399996 	0.0399996 	0.0285194 	
0.00127 	1.8786e-08 	0.920001 	0.0399995 	0.0399995 	0.0285194 	
